Polygons1 807.86 531.59 887.86 611.59;
Polygons2 807.86 371.59 887.86 451.59;
Polygons3 7.86 371.59 87.86 451.59;
Polygons4 807.86 211.59 887.86 291.59;
Polygons5 7.86 211.59 87.86 291.59;
Polygons6 327.86 719.64 407.86 799.64;
Polygons7 487.86 719.64 567.86 799.64;
Polygons8 7.86 719.64 87.86 799.64;
Polygons9 167.86 719.64 247.86 799.64;
Polygons10 647.86 719.64 727.86 799.64;
Polygons11 807.86 719.64 887.86 799.64;
Polygons12 327.86 7.17 407.86 87.17;
Polygons13 487.86 7.17 567.86 87.17;
Polygons14 7.86 7.17 87.86 87.17;
Polygons15 167.86 7.17 247.86 87.17;
Polygons16 647.86 7.17 727.86 87.17;
Polygons17 807.86 7.17 887.86 87.17;
Polygons18 200.24 557.95 201.48 558.63;
Polygons19 200.24 556.83 201.48 557.51;
Polygons20 130.22 448.71 131.47 449.39;
Polygons21 132.78 450.73 134.02 451.41;
Polygons22 220.09 532.89 221.33 533.57;
Polygons23 217.21 530.20 218.45 530.88;
Polygons24 217.61 527.49 218.85 528.17;
Polygons25 219.69 527.49 220.93 528.17;
Polygons26 300.21 532.89 301.45 533.57;
Polygons27 297.33 530.20 298.57 530.88;
Polygons28 219.69 527.49 220.93 528.17;
Polygons29 297.73 527.49 298.97 528.17;
Polygons30 299.81 527.49 301.05 528.17;
Polygons31 217.61 527.49 218.85 528.17;
Polygons32 563.41 475.67 564.65 476.91;
Polygons33 568.41 473.38 569.65 474.62;
Polygons34 547.06 473.38 548.30 474.62;
Polygons35 550.00 475.67 551.24 476.91;
Polygons36 577.92 473.38 579.16 474.62;
Polygons37 574.76 475.67 576.00 476.91;
Polygons38 632.06 479.44 632.74 480.68;
Polygons39 631.17 481.07 631.85 482.31;
Polygons40 630.25 482.60 630.93 483.84;
Polygons41 169.10 477.79 169.78 479.03;
Polygons42 170.25 479.44 170.93 480.68;
Polygons43 171.43 481.07 172.11 482.31;
Polygons44 172.56 482.60 173.24 483.84;
Polygons45 716.15 372.36 725.48 376.40;
Polygons46 549.18 608.72 559.18 618.11;
Polygons47 716.15 104.29 725.48 114.49;
Polygons48 575.90 572.66 580.61 582.87;
Polygons49 637.81 493.79 639.04 495.03;
Polygons50 581.09 493.79 582.33 495.03;
Polygons51 663.02 491.12 664.26 492.36;
Polygons52 666.16 488.17 667.40 489.41;
Polygons53 606.31 491.12 607.54 492.36;
Polygons54 634.66 485.27 635.90 486.51;
Polygons55 609.45 488.17 610.69 489.41;
Polygons56 691.38 485.27 692.62 486.51;
Polygons57 568.46 129.95 569.70 131.19;
Polygons58 713.12 121.78 714.36 123.02;
Polygons59 686.70 124.60 687.94 125.84;
Polygons60 683.56 127.28 684.79 128.52;
Polygons61 657.13 129.95 658.38 131.19;
Polygons62 624.44 121.78 625.68 123.02;
Polygons63 627.58 124.60 628.82 125.84;
Polygons64 598.01 124.60 599.25 125.84;
Polygons65 654.00 121.78 655.24 123.02;
Polygons66 594.88 127.28 596.12 128.52;
Polygons67 637.80 685.12 639.04 686.36;
Polygons68 581.08 685.12 582.32 686.36;
Polygons69 663.02 687.79 664.26 689.03;
Polygons70 606.30 687.79 607.54 689.03;
Polygons71 666.16 690.74 667.40 691.98;
Polygons72 691.38 693.64 692.62 694.88;
Polygons73 609.44 690.74 610.68 691.98;
Polygons74 634.66 693.64 635.90 694.88;
Polygons75 330.05 503.00 331.29 504.24;
Polygons76 331.93 500.40 333.17 501.64;
Polygons77 713.12 367.32 714.36 368.56;
Polygons78 686.70 364.50 687.94 365.74;
Polygons79 683.56 361.82 684.79 363.06;
Polygons80 657.13 359.15 658.38 360.39;
Polygons81 568.46 359.15 569.70 360.39;
Polygons82 624.44 367.32 625.68 368.56;
Polygons83 594.88 361.82 596.12 363.06;
Polygons84 627.58 364.50 628.82 365.74;
Polygons85 598.01 364.50 599.25 365.74;
Polygons86 654.00 367.32 655.24 368.56;
Polygons87 200.24 557.95 201.48 558.63;
Polygons88 200.24 556.83 201.48 557.51;
Polygons89 220.09 532.89 221.33 533.57;
Polygons90 217.21 530.20 218.45 530.88;
Polygons91 217.61 527.49 218.85 528.17;
Polygons92 219.69 527.49 220.93 528.17;
Polygons93 300.21 532.89 301.45 533.57;
Polygons94 297.33 530.20 298.57 530.88;
Polygons95 219.69 527.49 220.93 528.17;
Polygons96 297.73 527.49 298.97 528.17;
Polygons97 299.81 527.49 301.05 528.17;
Polygons98 217.61 527.49 218.85 528.17;
Polygons99 708.46 130.07 709.46 131.07;
Polygons100 705.30 124.72 706.30 125.72;
Polygons101 566.02 441.85 567.02 442.85;
Polygons102 566.02 493.91 567.02 494.91;
Polygons103 684.37 493.91 685.37 494.91;
Polygons104 684.37 447.98 685.37 448.98;
Polygons105 563.53 687.91 564.53 688.91;
Polygons106 568.53 693.76 569.53 694.76;
Polygons107 718.23 481.62 719.23 482.62;
Polygons108 695.27 479.15 696.27 480.15;
Polygons109 553.21 479.15 554.21 480.15;
Polygons110 556.14 481.62 557.14 482.62;
Polygons111 556.14 503.12 557.14 504.12;
Polygons112 553.21 500.52 554.21 501.52;
Polygons113 550.12 497.09 551.12 498.09;
Polygons114 547.18 494.49 548.18 495.49;
Polygons115 317.27 494.49 318.27 495.49;
Polygons116 314.33 497.09 315.33 498.09;
Polygons117 314.33 499.06 315.33 500.06;
Polygons118 317.27 524.72 318.27 525.72;
Polygons119 284.51 510.65 285.51 511.65;
Polygons120 287.45 513.13 288.45 514.13;
Polygons121 284.51 491.41 285.51 492.41;
Polygons122 287.45 488.81 288.45 489.81;
Polygons123 542.83 491.41 543.83 492.41;
Polygons124 539.88 488.81 540.88 489.81;
Polygons125 132.90 491.41 133.90 492.41;
Polygons126 130.34 488.81 131.34 489.81;
Polygons127 193.66 513.13 194.66 514.13;
Polygons128 195.50 510.65 196.50 511.65;
Polygons129 237.15 524.72 238.15 525.72;
Polygons130 234.21 499.06 235.21 500.06;
Polygons131 234.21 491.41 235.21 492.41;
Polygons132 237.15 488.81 238.15 489.81;
Polygons133 705.30 452.43 706.30 453.43;
Polygons134 708.46 450.28 709.46 451.28;
Polygons135 705.30 359.27 706.30 360.27;
Polygons136 708.46 364.62 709.46 365.62;
Polygons137 578.04 127.40 579.04 128.40;
Polygons138 574.88 121.90 575.88 122.90;
Polygons139 574.88 361.94 575.88 362.94;
Polygons140 578.04 367.44 579.04 368.44;
Polygons141 169.10 477.79 169.78 479.03;
Polygons142 170.25 479.44 170.93 480.68;
Polygons143 171.43 481.07 172.11 482.31;
Polygons144 172.56 482.60 173.24 483.84;
Polygons145 716.15 372.36 725.48 376.40;
Polygons146 549.18 690.74 559.18 691.98;
Polygons147 573.90 690.74 574.90 691.98;
Polygons148 573.90 488.17 574.90 489.41;
Polygons149 139.38 366.59 139.82 367.59;
Polygons150 138.15 368.87 138.59 369.87;
Polygons151 137.05 370.92 137.49 371.92;
Polygons152 140.67 364.63 141.11 365.63;
Polygons153 169.22 477.91 169.66 478.91;
Polygons154 169.22 477.91 169.66 478.91;
Polygons155 169.22 477.91 169.66 478.91;
Polygons156 170.37 479.56 170.81 480.56;
Polygons157 170.37 479.56 170.81 480.56;
Polygons158 171.55 481.19 171.99 482.19;
Polygons159 140.68 477.91 141.12 478.91;
Polygons160 139.38 479.56 139.83 480.56;
Polygons161 138.15 481.19 138.59 482.19;
Polygons162 137.05 482.72 137.49 483.72;
Polygons163 169.22 477.91 169.66 478.91;
Polygons164 170.37 479.56 170.81 480.56;
Polygons165 171.55 481.19 171.99 482.19;
Polygons166 172.68 482.72 173.12 483.72;
Polygons167 169.22 573.60 169.66 574.60;
Polygons168 170.37 575.89 170.81 576.89;
Polygons169 171.55 578.39 171.99 579.39;
Polygons170 172.68 580.99 173.12 581.99;
Polygons171 701.58 458.03 702.02 459.03;
Polygons172 712.45 458.03 712.89 459.03;
Polygons173 701.14 452.43 701.58 453.43;
Polygons174 712.89 450.28 713.33 451.28;
Polygons175 718.23 456.83 719.23 457.27;
Polygons176 539.89 419.05 540.89 419.49;
Polygons177 542.83 417.77 543.83 418.21;
Polygons178 563.53 648.81 564.53 649.25;
Polygons179 568.53 648.81 569.53 649.25;
Polygons180 563.53 675.09 564.53 675.53;
Polygons181 568.53 675.09 569.53 675.53;
Polygons182 695.27 456.83 696.27 457.27;
Polygons183 634.66 485.27 635.90 486.51;
Polygons184 609.45 488.17 610.69 489.41;
Polygons185 691.38 485.27 692.62 486.51;
Polygons186 666.16 488.17 667.40 489.41;
Polygons187 606.31 491.12 607.54 492.36;
Polygons188 663.02 491.12 664.26 492.36;
Polygons189 581.09 493.79 582.33 495.03;
Polygons190 637.81 493.79 639.04 495.03;
Polygons191 568.46 129.95 569.70 131.19;
Polygons192 713.12 121.78 714.36 123.02;
Polygons193 686.70 124.60 687.94 125.84;
Polygons194 683.56 127.28 684.79 128.52;
Polygons195 657.13 129.95 658.38 131.19;
Polygons196 624.44 121.78 625.68 123.02;
Polygons197 627.58 124.60 628.82 125.84;
Polygons198 598.01 124.60 599.25 125.84;
Polygons199 654.00 121.78 655.24 123.02;
Polygons200 594.88 127.28 596.12 128.52;
Polygons201 637.80 685.12 639.04 686.36;
Polygons202 581.08 685.12 582.32 686.36;
Polygons203 663.02 687.79 664.26 689.03;
Polygons204 606.30 687.79 607.54 689.03;
Polygons205 666.16 690.74 667.40 691.98;
Polygons206 691.38 693.64 692.62 694.88;
Polygons207 609.44 690.74 610.68 691.98;
Polygons208 634.66 693.64 635.90 694.88;
Polygons209 330.05 503.00 331.29 504.24;
Polygons210 331.93 500.40 333.17 501.64;
Polygons211 713.12 367.32 714.36 368.56;
Polygons212 686.70 364.50 687.94 365.74;
Polygons213 683.56 361.82 684.79 363.06;
Polygons214 657.13 359.15 658.38 360.39;
Polygons215 568.46 359.15 569.70 360.39;
Polygons216 624.44 367.32 625.68 368.56;
Polygons217 594.88 361.82 596.12 363.06;
Polygons218 627.58 364.50 628.82 365.74;
Polygons219 598.01 364.50 599.25 365.74;
Polygons220 654.00 367.32 655.24 368.56;
Polygons221 716.15 104.29 725.48 114.49;
Polygons222 575.90 572.66 580.61 582.87;
Polygons223 452.29 426.05 452.97 427.29;
Polygons224 155.86 450.73 157.10 451.41;
Polygons225 155.86 450.73 157.10 451.41;
Polygons226 328.48 450.73 329.72 451.41;
Polygons227 334.67 450.73 335.91 451.41;
Polygons228 322.29 450.73 323.53 451.41;
Polygons229 316.10 450.73 317.34 451.41;
Polygons230 303.75 450.73 304.99 451.41;
Polygons231 309.94 450.73 311.18 451.41;
Polygons232 297.56 450.73 298.80 451.41;
Polygons233 291.37 450.73 292.61 451.41;
Polygons234 328.48 448.71 329.72 449.39;
Polygons235 334.67 448.71 335.91 449.39;
Polygons236 322.29 448.71 323.53 449.39;
Polygons237 316.10 448.71 317.34 449.39;
Polygons238 303.75 448.71 304.99 449.39;
Polygons239 309.94 448.71 311.18 449.39;
Polygons240 297.56 448.71 298.80 449.39;
Polygons241 291.37 448.71 292.61 449.39;
Polygons242 297.92 408.39 299.16 409.07;
Polygons243 308.97 408.39 310.21 409.07;
Polygons244 320.25 408.39 321.49 409.07;
Polygons245 331.30 408.39 332.54 409.07;
Polygons246 297.92 403.37 299.16 404.05;
Polygons247 308.97 403.37 310.21 404.05;
Polygons248 320.25 403.37 321.49 404.05;
Polygons249 331.30 403.37 332.54 404.05;
Polygons250 192.97 450.73 194.21 451.41;
Polygons251 199.16 450.73 200.40 451.41;
Polygons252 186.78 450.73 188.02 451.41;
Polygons253 180.59 450.73 181.83 451.41;
Polygons254 195.74 403.37 196.98 404.05;
Polygons255 184.69 403.37 185.93 404.05;
Polygons256 173.41 403.37 174.65 404.05;
Polygons257 162.36 403.37 163.60 404.05;
Polygons258 195.74 408.39 196.98 409.07;
Polygons259 184.69 408.39 185.93 409.07;
Polygons260 173.41 408.39 174.65 409.07;
Polygons261 162.36 408.39 163.60 409.07;
Polygons262 155.86 448.71 157.10 449.39;
Polygons263 162.05 448.71 163.29 449.39;
Polygons264 174.43 448.71 175.67 449.39;
Polygons265 168.24 448.71 169.48 449.39;
Polygons266 180.59 448.71 181.83 449.39;
Polygons267 186.78 448.71 188.02 449.39;
Polygons268 199.16 448.71 200.40 449.39;
Polygons269 192.97 448.71 194.21 449.39;
Polygons270 155.86 450.73 157.10 451.41;
Polygons271 162.05 450.73 163.29 451.41;
Polygons272 174.43 450.73 175.67 451.41;
Polygons273 168.24 450.73 169.48 451.41;
Polygons274 331.30 403.37 332.54 404.05;
Polygons275 331.30 408.39 332.54 409.07;
Polygons276 320.25 403.37 321.49 404.05;
Polygons277 320.25 408.39 321.49 409.07;
Polygons278 308.97 403.37 310.21 404.05;
Polygons279 308.97 408.39 310.21 409.07;
Polygons280 297.92 403.37 299.16 404.05;
Polygons281 297.92 408.39 299.16 409.07;
Polygons282 328.48 448.71 329.72 449.39;
Polygons283 328.48 450.73 329.72 451.41;
Polygons284 334.67 448.71 335.91 449.39;
Polygons285 334.67 450.73 335.91 451.41;
Polygons286 322.29 448.71 323.53 449.39;
Polygons287 322.29 450.73 323.53 451.41;
Polygons288 316.10 448.71 317.34 449.39;
Polygons289 316.10 450.73 317.34 451.41;
Polygons290 303.75 448.71 304.99 449.39;
Polygons291 303.75 450.73 304.99 451.41;
Polygons292 309.94 448.71 311.18 449.39;
Polygons293 309.94 450.73 311.18 451.41;
Polygons294 297.56 448.71 298.80 449.39;
Polygons295 297.56 450.73 298.80 451.41;
Polygons296 291.37 448.71 292.61 449.39;
Polygons297 291.37 450.73 292.61 451.41;
Polygons298 263.52 403.37 264.76 404.05;
Polygons299 263.52 408.39 264.76 409.07;
Polygons300 252.47 403.37 253.71 404.05;
Polygons301 252.47 408.39 253.71 409.07;
Polygons302 241.19 403.37 242.43 404.05;
Polygons303 241.19 408.39 242.43 409.07;
Polygons304 230.14 403.37 231.38 404.05;
Polygons305 223.64 450.73 224.88 451.41;
Polygons306 223.64 448.71 224.88 449.39;
Polygons307 229.83 450.73 231.07 451.41;
Polygons308 229.83 448.71 231.07 449.39;
Polygons309 242.21 450.73 243.45 451.41;
Polygons310 242.21 448.71 243.45 449.39;
Polygons311 236.02 450.73 237.26 451.41;
Polygons312 236.02 448.71 237.26 449.39;
Polygons313 248.37 450.73 249.61 451.41;
Polygons314 248.37 448.71 249.61 449.39;
Polygons315 254.56 450.73 255.80 451.41;
Polygons316 254.56 448.71 255.80 449.39;
Polygons317 266.94 450.73 268.18 451.41;
Polygons318 266.94 448.71 268.18 449.39;
Polygons319 260.75 450.73 261.99 451.41;
Polygons320 260.75 448.71 261.99 449.39;
Polygons321 230.14 408.39 231.38 409.07;
Polygons322 195.74 403.37 196.98 404.05;
Polygons323 195.74 408.39 196.98 409.07;
Polygons324 184.69 403.37 185.93 404.05;
Polygons325 184.69 408.39 185.93 409.07;
Polygons326 173.41 403.37 174.65 404.05;
Polygons327 173.41 408.39 174.65 409.07;
Polygons328 162.36 403.37 163.60 404.05;
Polygons329 162.36 408.39 163.60 409.07;
Polygons330 192.97 448.71 194.21 449.39;
Polygons331 192.97 450.73 194.21 451.41;
Polygons332 199.16 448.71 200.40 449.39;
Polygons333 199.16 450.73 200.40 451.41;
Polygons334 186.78 448.71 188.02 449.39;
Polygons335 186.78 450.73 188.02 451.41;
Polygons336 180.59 448.71 181.83 449.39;
Polygons337 180.59 450.73 181.83 451.41;
Polygons338 168.24 448.71 169.48 449.39;
Polygons339 168.24 450.73 169.48 451.41;
Polygons340 174.43 448.71 175.67 449.39;
Polygons341 174.43 450.73 175.67 451.41;
Polygons342 162.05 448.71 163.29 449.39;
Polygons343 162.05 450.73 163.29 451.41;
Polygons344 155.86 448.71 157.10 449.39;
Polygons345 155.86 450.73 157.10 451.41;
Polygons346 376.29 438.43 376.97 440.79;
Polygons347 350.48 416.90 355.10 417.58;
Polygons348 438.33 426.05 439.57 427.29;
Polygons349 146.14 448.43 146.82 449.67;
Polygons350 146.14 403.09 146.82 404.33;
Polygons351 147.06 408.11 147.74 409.35;
Polygons352 147.06 450.45 147.74 451.69;
Polygons353 452.29 426.05 452.97 427.29;
Polygons354 424.36 415.96 426.48 416.40;
Polygons355 431.74 410.64 433.86 411.08;
Polygons356 438.99 410.64 441.11 411.08;
Polygons357 448.80 395.63 450.92 396.07;
Polygons358 448.80 396.75 450.92 397.19;
Polygons359 460.08 390.31 462.20 390.75;
Polygons360 448.80 390.31 450.92 390.75;
Polygons361 437.52 395.63 439.64 396.07;
Polygons362 437.52 396.75 439.64 397.19;
Polygons363 437.52 390.31 439.64 390.75;
Polygons364 426.24 390.31 428.36 390.75;
Polygons365 470.67 459.63 472.79 460.07;
Polygons366 462.49 459.63 464.61 460.07;
Polygons367 454.31 449.74 456.43 450.18;
Polygons368 446.13 449.74 448.25 450.18;
Polygons369 374.34 410.64 376.46 411.08;
Polygons370 380.46 410.64 382.58 411.08;
Polygons371 368.22 410.64 370.34 411.08;
Polygons372 362.10 410.64 364.22 411.08;
Polygons373 411.06 415.96 413.18 416.40;
Polygons374 398.82 415.96 400.94 416.40;
Polygons375 392.70 415.96 394.82 416.40;
Polygons376 460.08 402.07 462.20 402.51;
Polygons377 478.85 459.63 480.97 460.07;
Polygons378 437.95 459.63 440.07 460.07;
Polygons379 426.24 402.07 428.36 402.51;
Polygons380 404.94 415.96 407.06 416.40;
Polygons381 250.65 390.11 252.77 390.55;
Polygons382 250.65 471.60 252.77 472.04;
Polygons383 381.33 470.40 383.45 470.84;
Polygons384 389.51 470.40 391.63 470.84;
Polygons385 386.53 410.64 388.65 411.08;
Polygons386 355.98 410.64 358.10 411.08;
Polygons387 181.75 390.11 183.87 390.55;
Polygons388 181.75 471.60 183.87 472.04;
Polygons389 478.85 470.40 480.97 470.84;
Polygons390 470.67 470.40 472.79 470.84;
Polygons391 462.49 470.40 464.61 470.84;
Polygons392 454.31 470.40 456.43 470.84;
Polygons393 446.13 470.40 448.25 470.84;
Polygons394 437.95 470.40 440.07 470.84;
Polygons395 429.77 470.40 431.89 470.84;
Polygons396 455.85 441.88 457.97 442.32;
Polygons397 444.65 441.88 446.77 442.32;
Polygons398 482.07 421.68 482.51 441.64;
Polygons399 482.07 421.68 482.51 441.64;
Polygons400 470.59 421.68 471.03 441.64;
Polygons401 476.95 421.68 477.39 441.64;
Polygons402 476.95 421.68 477.39 441.64;
Polygons403 465.47 421.68 465.91 441.64;
Polygons404 482.11 460.31 482.55 470.16;
Polygons405 473.93 460.31 474.37 470.16;
Polygons406 465.75 460.31 466.19 470.16;
Polygons407 441.21 460.31 441.65 470.16;
Polygons408 432.44 407.76 432.88 408.76;
Polygons409 425.20 418.43 425.64 419.43;
Polygons410 416.71 400.03 417.15 401.03;
Polygons411 416.71 407.76 417.15 408.76;
Polygons412 362.94 400.03 363.38 401.03;
Polygons413 439.83 407.76 440.27 408.76;
Polygons414 479.02 409.19 479.46 410.19;
Polygons415 486.05 409.19 486.49 410.19;
Polygons416 462.36 409.19 462.80 410.19;
Polygons417 479.02 390.03 479.46 391.03;
Polygons418 486.05 422.43 486.49 423.43;
Polygons419 462.36 422.43 462.80 423.43;
Polygons420 473.84 395.93 474.28 396.93;
Polygons421 465.34 376.82 465.78 377.82;
Polygons422 456.50 379.06 456.94 380.06;
Polygons423 445.22 381.21 445.66 382.21;
Polygons424 433.94 383.86 434.38 384.86;
Polygons425 422.66 386.02 423.10 387.02;
Polygons426 473.84 421.80 474.28 422.80;
Polygons427 441.21 442.48 441.65 443.48;
Polygons428 457.57 444.69 458.01 445.69;
Polygons429 347.93 370.92 348.37 371.92;
Polygons430 347.93 434.43 348.37 435.43;
Polygons431 426.58 434.43 427.02 435.43;
Polygons432 426.58 445.98 427.02 446.98;
Polygons433 471.61 445.98 472.05 446.98;
Polygons434 463.72 445.98 464.16 446.98;
Polygons435 454.76 445.98 455.20 446.98;
Polygons436 446.97 445.98 447.41 446.98;
Polygons437 349.67 368.87 350.11 369.87;
Polygons438 349.67 432.57 350.11 433.57;
Polygons439 428.37 432.57 428.81 433.57;
Polygons440 428.37 444.27 428.81 445.27;
Polygons441 455.87 444.27 456.31 445.27;
Polygons442 445.42 444.27 445.86 445.27;
Polygons443 454.27 417.49 454.71 418.49;
Polygons444 442.06 417.49 442.50 418.49;
Polygons445 447.91 418.77 448.35 419.77;
Polygons446 434.78 418.77 435.22 419.77;
Polygons447 427.50 404.54 427.94 405.54;
Polygons448 375.18 364.63 375.62 365.63;
Polygons449 381.30 364.63 381.74 365.63;
Polygons450 369.06 366.59 369.50 367.59;
Polygons451 362.94 366.59 363.38 367.59;
Polygons452 411.90 418.43 412.34 419.43;
Polygons453 393.54 418.43 393.98 419.43;
Polygons454 360.52 406.33 360.96 407.33;
Polygons455 383.72 406.33 384.16 407.33;
Polygons456 377.60 407.95 378.04 408.95;
Polygons457 366.64 407.95 367.08 408.95;
Polygons458 417.31 443.56 417.75 444.56;
Polygons459 365.36 418.17 365.80 419.17;
Polygons460 414.89 445.88 415.33 446.88;
Polygons461 406.71 445.88 407.15 446.88;
Polygons462 398.53 445.88 398.97 446.88;
Polygons463 357.63 445.88 358.07 446.88;
Polygons464 384.59 445.88 385.03 446.88;
Polygons465 376.41 445.88 376.85 446.88;
Polygons466 376.41 418.17 376.85 419.17;
Polygons467 371.48 418.17 371.92 419.17;
Polygons468 408.20 402.26 408.64 403.26;
Polygons469 437.22 424.80 437.66 425.80;
Polygons470 429.94 423.48 430.38 424.48;
Polygons471 473.93 439.60 474.37 440.60;
Polygons472 475.23 439.60 475.67 440.60;
Polygons473 482.11 444.69 482.55 445.69;
Polygons474 469.64 442.13 470.64 442.57;
Polygons475 481.12 420.78 482.12 421.22;
Polygons476 465.86 420.79 466.86 421.23;
Polygons477 465.86 419.05 466.86 419.49;
Polygons478 481.12 417.77 482.12 418.21;
Polygons479 414.61 449.74 415.61 450.18;
Polygons480 406.43 449.74 407.43 450.18;
Polygons481 398.25 449.74 399.25 450.18;
Polygons482 357.35 449.74 358.35 450.18;
Polygons483 373.71 470.40 374.71 470.84;
Polygons484 357.35 470.40 358.35 470.84;
Polygons485 365.53 470.40 366.53 470.84;
Polygons486 358.96 421.92 359.96 422.36;
Polygons487 367.95 421.92 368.95 422.36;
Polygons488 393.26 431.37 394.26 431.81;
Polygons489 359.77 431.37 360.77 431.81;
Polygons490 457.29 443.08 458.29 443.52;
Polygons491 448.93 443.08 449.93 443.52;
Polygons492 432.75 447.64 433.75 448.08;
Polygons493 479.41 447.64 480.41 448.08;
Polygons494 438.51 447.64 439.51 448.08;
Polygons495 432.75 420.65 433.75 421.09;
Polygons496 405.50 429.06 406.50 429.50;
Polygons497 453.78 404.96 454.78 405.40;
Polygons498 456.22 404.96 457.22 405.40;
Polygons499 436.94 404.96 437.94 405.40;
Polygons500 431.24 403.95 432.24 404.39;
Polygons501 442.49 403.95 443.49 404.39;
Polygons502 429.66 403.95 430.66 404.39;
Polygons503 282.62 419.75 283.62 420.19;
Polygons504 280.85 429.97 281.85 430.41;
Polygons505 284.30 420.65 285.30 421.09;
Polygons506 279.21 429.06 280.21 429.50;
Polygons507 214.06 419.19 215.06 419.63;
Polygons508 214.06 421.21 215.06 421.65;
Polygons509 211.40 428.50 212.40 428.94;
Polygons510 211.40 430.53 212.40 430.97;
Polygons511 477.34 442.13 478.34 442.57;
Polygons512 465.47 443.08 466.47 443.52;
Polygons513 422.66 390.99 423.10 395.39;
Polygons514 414.32 411.32 414.76 415.72;
Polygons515 408.20 411.32 408.64 415.72;
Polygons516 402.08 411.32 402.52 415.72;
Polygons517 395.96 411.32 396.40 415.72;
Polygons518 389.84 411.32 390.28 415.72;
Polygons519 383.72 411.32 384.16 415.72;
Polygons520 377.60 411.32 378.04 415.72;
Polygons521 371.48 411.32 371.92 415.72;
Polygons522 366.64 411.32 367.08 415.72;
Polygons523 365.36 411.32 365.80 415.72;
Polygons524 360.52 411.32 360.96 415.72;
Polygons525 359.24 411.32 359.68 415.72;
Polygons526 442.06 411.32 442.50 415.72;
Polygons527 437.22 411.32 437.66 415.72;
Polygons528 434.78 411.32 435.22 415.72;
Polygons529 429.94 411.32 430.38 415.72;
Polygons530 427.50 411.32 427.94 415.72;
Polygons531 465.34 390.99 465.78 395.39;
Polygons532 456.50 390.99 456.94 395.39;
Polygons533 456.50 397.43 456.94 401.83;
Polygons534 454.06 390.99 454.50 395.39;
Polygons535 454.06 397.43 454.50 401.83;
Polygons536 445.22 390.99 445.66 395.39;
Polygons537 445.22 397.43 445.66 401.83;
Polygons538 442.78 390.99 443.22 395.39;
Polygons539 433.94 390.99 434.38 395.39;
Polygons540 433.94 397.43 434.38 401.83;
Polygons541 431.50 390.99 431.94 395.39;
Polygons542 442.78 397.43 443.22 401.83;
Polygons543 431.50 397.43 431.94 401.83;
Polygons544 457.57 450.42 458.01 470.16;
Polygons545 449.39 450.42 449.83 470.16;
Polygons546 433.03 450.42 433.47 470.16;
Polygons547 454.27 421.90 454.71 441.64;
Polygons548 447.91 421.90 448.35 441.64;
Polygons549 400.95 450.42 401.39 470.16;
Polygons550 392.77 450.42 393.21 470.16;
Polygons551 417.31 450.42 417.75 470.16;
Polygons552 409.13 450.42 409.57 470.16;
Polygons553 384.59 450.42 385.03 470.16;
Polygons554 360.05 450.42 360.49 470.16;
Polygons555 368.23 450.42 368.67 470.16;
Polygons556 376.41 450.42 376.85 470.16;
Polygons557 155.86 450.73 157.10 451.41;
Polygons558 155.86 450.73 157.10 451.41;
Polygons559 328.48 450.73 329.72 451.41;
Polygons560 334.67 450.73 335.91 451.41;
Polygons561 322.29 450.73 323.53 451.41;
Polygons562 316.10 450.73 317.34 451.41;
Polygons563 303.75 450.73 304.99 451.41;
Polygons564 309.94 450.73 311.18 451.41;
Polygons565 297.56 450.73 298.80 451.41;
Polygons566 291.37 450.73 292.61 451.41;
Polygons567 328.48 448.71 329.72 449.39;
Polygons568 334.67 448.71 335.91 449.39;
Polygons569 322.29 448.71 323.53 449.39;
Polygons570 316.10 448.71 317.34 449.39;
Polygons571 303.75 448.71 304.99 449.39;
Polygons572 309.94 448.71 311.18 449.39;
Polygons573 297.56 448.71 298.80 449.39;
Polygons574 291.37 448.71 292.61 449.39;
Polygons575 297.92 408.39 299.16 409.07;
Polygons576 308.97 408.39 310.21 409.07;
Polygons577 320.25 408.39 321.49 409.07;
Polygons578 331.30 408.39 332.54 409.07;
Polygons579 297.92 403.37 299.16 404.05;
Polygons580 308.97 403.37 310.21 404.05;
Polygons581 320.25 403.37 321.49 404.05;
Polygons582 331.30 403.37 332.54 404.05;
Polygons583 192.97 450.73 194.21 451.41;
Polygons584 199.16 450.73 200.40 451.41;
Polygons585 186.78 450.73 188.02 451.41;
Polygons586 180.59 450.73 181.83 451.41;
Polygons587 195.74 403.37 196.98 404.05;
Polygons588 184.69 403.37 185.93 404.05;
Polygons589 173.41 403.37 174.65 404.05;
Polygons590 162.36 403.37 163.60 404.05;
Polygons591 195.74 408.39 196.98 409.07;
Polygons592 184.69 408.39 185.93 409.07;
Polygons593 173.41 408.39 174.65 409.07;
Polygons594 162.36 408.39 163.60 409.07;
Polygons595 155.86 448.71 157.10 449.39;
Polygons596 162.05 448.71 163.29 449.39;
Polygons597 174.43 448.71 175.67 449.39;
Polygons598 168.24 448.71 169.48 449.39;
Polygons599 180.59 448.71 181.83 449.39;
Polygons600 186.78 448.71 188.02 449.39;
Polygons601 199.16 448.71 200.40 449.39;
Polygons602 192.97 448.71 194.21 449.39;
Polygons603 155.86 450.73 157.10 451.41;
Polygons604 162.05 450.73 163.29 451.41;
Polygons605 174.43 450.73 175.67 451.41;
Polygons606 168.24 450.73 169.48 451.41;
Polygons607 331.30 403.37 332.54 404.05;
Polygons608 331.30 408.39 332.54 409.07;
Polygons609 320.25 403.37 321.49 404.05;
Polygons610 320.25 408.39 321.49 409.07;
Polygons611 308.97 403.37 310.21 404.05;
Polygons612 308.97 408.39 310.21 409.07;
Polygons613 297.92 403.37 299.16 404.05;
Polygons614 297.92 408.39 299.16 409.07;
Polygons615 328.48 448.71 329.72 449.39;
Polygons616 328.48 450.73 329.72 451.41;
Polygons617 334.67 448.71 335.91 449.39;
Polygons618 334.67 450.73 335.91 451.41;
Polygons619 322.29 448.71 323.53 449.39;
Polygons620 322.29 450.73 323.53 451.41;
Polygons621 316.10 448.71 317.34 449.39;
Polygons622 316.10 450.73 317.34 451.41;
Polygons623 303.75 448.71 304.99 449.39;
Polygons624 303.75 450.73 304.99 451.41;
Polygons625 309.94 448.71 311.18 449.39;
Polygons626 309.94 450.73 311.18 451.41;
Polygons627 297.56 448.71 298.80 449.39;
Polygons628 297.56 450.73 298.80 451.41;
Polygons629 291.37 448.71 292.61 449.39;
Polygons630 291.37 450.73 292.61 451.41;
Polygons631 263.52 403.37 264.76 404.05;
Polygons632 263.52 408.39 264.76 409.07;
Polygons633 252.47 403.37 253.71 404.05;
Polygons634 252.47 408.39 253.71 409.07;
Polygons635 241.19 403.37 242.43 404.05;
Polygons636 241.19 408.39 242.43 409.07;
Polygons637 230.14 403.37 231.38 404.05;
Polygons638 223.64 450.73 224.88 451.41;
Polygons639 223.64 448.71 224.88 449.39;
Polygons640 229.83 450.73 231.07 451.41;
Polygons641 229.83 448.71 231.07 449.39;
Polygons642 242.21 450.73 243.45 451.41;
Polygons643 242.21 448.71 243.45 449.39;
Polygons644 236.02 450.73 237.26 451.41;
Polygons645 236.02 448.71 237.26 449.39;
Polygons646 248.37 450.73 249.61 451.41;
Polygons647 248.37 448.71 249.61 449.39;
Polygons648 254.56 450.73 255.80 451.41;
Polygons649 254.56 448.71 255.80 449.39;
Polygons650 266.94 450.73 268.18 451.41;
Polygons651 266.94 448.71 268.18 449.39;
Polygons652 260.75 450.73 261.99 451.41;
Polygons653 260.75 448.71 261.99 449.39;
Polygons654 230.14 408.39 231.38 409.07;
Polygons655 195.74 403.37 196.98 404.05;
Polygons656 195.74 408.39 196.98 409.07;
Polygons657 184.69 403.37 185.93 404.05;
Polygons658 184.69 408.39 185.93 409.07;
Polygons659 173.41 403.37 174.65 404.05;
Polygons660 173.41 408.39 174.65 409.07;
Polygons661 162.36 403.37 163.60 404.05;
Polygons662 162.36 408.39 163.60 409.07;
Polygons663 192.97 448.71 194.21 449.39;
Polygons664 192.97 450.73 194.21 451.41;
Polygons665 199.16 448.71 200.40 449.39;
Polygons666 199.16 450.73 200.40 451.41;
Polygons667 186.78 448.71 188.02 449.39;
Polygons668 186.78 450.73 188.02 451.41;
Polygons669 180.59 448.71 181.83 449.39;
Polygons670 180.59 450.73 181.83 451.41;
Polygons671 168.24 448.71 169.48 449.39;
Polygons672 168.24 450.73 169.48 451.41;
Polygons673 174.43 448.71 175.67 449.39;
Polygons674 174.43 450.73 175.67 451.41;
Polygons675 162.05 448.71 163.29 449.39;
Polygons676 162.05 450.73 163.29 451.41;
Polygons677 155.86 448.71 157.10 449.39;
Polygons678 155.86 450.73 157.10 451.41;
Polygons679 350.48 416.90 355.10 417.58;
Polygons680 511.34 386.02 513.46 387.02;
Polygons681 520.24 379.06 522.36 380.06;
Polygons682 502.44 381.21 504.56 382.21;
Polygons683 493.54 383.86 495.66 384.86;
Polygons684 438.33 426.05 439.57 427.29;
Polygons685 250.65 380.24 252.77 381.80;
Polygons686 250.65 477.80 252.77 479.36;
Polygons687 181.75 374.69 183.87 376.25;
Polygons688 181.75 483.90 183.87 485.46;
Polygons689 519.32 472.34 523.28 472.78;
Polygons690 510.42 472.34 514.38 472.78;
Polygons691 519.32 388.02 523.28 388.46;
Polygons692 510.42 388.02 514.38 388.46;
Polygons693 501.52 388.02 505.48 388.46;
Polygons694 492.62 388.02 496.58 388.46;
Polygons695 402.08 379.96 402.52 382.08;
Polygons696 409.13 477.52 409.57 479.64;
Polygons697 414.32 374.41 414.76 376.53;
Polygons698 400.94 483.62 401.38 485.74;
Polygons699 279.21 423.48 280.21 424.48;
Polygons700 280.85 424.80 281.85 425.80;
Polygons701 284.30 426.17 285.30 427.17;
Polygons702 282.62 427.49 283.62 428.49;
Polygons703 390.08 481.14 391.08 482.14;
Polygons704 381.89 481.14 382.89 482.14;
Polygons705 387.09 377.82 388.09 378.82;
Polygons706 356.54 377.82 357.54 378.82;
Polygons707 211.40 377.82 212.40 378.82;
Polygons708 214.06 481.14 215.06 482.14;
Polygons709 279.21 363.33 280.21 365.33;
Polygons710 147.26 403.09 147.54 451.69;
Polygons711 146.34 403.09 146.62 451.69;
Polygons712 280.85 363.31 281.85 365.31;
Polygons713 604.89 402.70 605.57 403.94;
Polygons714 606.91 402.70 607.59 403.94;
Polygons715 604.89 408.88 605.57 410.12;
Polygons716 606.91 408.88 607.59 410.12;
Polygons717 606.91 415.06 607.59 416.31;
Polygons718 604.89 415.06 605.57 416.31;
Polygons719 604.89 421.25 605.57 422.49;
Polygons720 606.91 421.25 607.59 422.49;
Polygons721 604.89 427.43 605.57 428.67;
Polygons722 606.91 427.43 607.59 428.67;
Polygons723 604.89 433.61 605.57 434.85;
Polygons724 606.91 433.61 607.59 434.85;
Polygons725 606.91 439.79 607.59 441.03;
Polygons726 604.89 439.79 605.57 441.03;
Polygons727 604.89 445.97 605.57 447.20;
Polygons728 606.91 445.97 607.59 447.20;
Polygons729 651.60 435.32 652.84 436.00;
Polygons730 638.72 435.32 639.96 436.00;
Polygons731 699.06 379.44 700.86 381.31;
Polygons732 699.06 420.12 700.86 422.00;
Polygons733 651.80 380.63 655.76 381.31;
Polygons734 643.80 380.63 647.76 381.31;
Polygons735 683.80 420.12 687.76 420.81;
Polygons736 667.80 420.12 671.76 420.81;
Polygons737 651.60 374.81 652.84 376.06;
Polygons738 638.72 372.62 639.96 373.86;
Polygons739 603.04 392.87 604.28 394.11;
Polygons740 603.04 374.81 604.28 376.06;
Polygons741 608.34 390.67 609.58 391.91;
Polygons742 608.34 372.62 609.58 373.86;
Polygons743 687.80 427.73 688.24 447.69;
Polygons744 681.44 427.73 681.88 447.69;
Polygons745 692.92 427.73 693.36 447.69;
Polygons746 676.32 427.73 676.76 447.69;
Polygons747 628.09 435.14 628.53 436.14;
Polygons748 628.09 410.43 628.53 411.43;
Polygons749 627.00 447.50 627.44 448.50;
Polygons750 627.00 422.79 627.44 423.79;
Polygons751 628.09 404.25 628.53 405.25;
Polygons752 627.00 416.61 627.44 417.61;
Polygons753 628.09 428.97 628.53 429.97;
Polygons754 627.00 441.32 627.44 442.32;
Polygons755 630.37 461.37 630.81 462.37;
Polygons756 627.00 390.79 627.44 391.79;
Polygons757 628.09 392.99 628.53 393.99;
Polygons758 583.95 390.79 584.39 391.79;
Polygons759 585.04 392.99 585.48 393.99;
Polygons760 633.24 430.75 633.68 431.75;
Polygons761 670.76 430.75 671.20 431.75;
Polygons762 664.32 430.75 664.76 431.75;
Polygons763 632.18 440.03 632.62 441.03;
Polygons764 631.29 450.07 631.73 451.07;
Polygons765 585.04 441.32 585.48 442.32;
Polygons766 585.04 447.50 585.48 448.50;
Polygons767 584.80 461.37 585.24 462.37;
Polygons768 627.24 461.37 627.68 462.37;
Polygons769 585.04 416.61 585.48 417.61;
Polygons770 585.04 422.79 585.48 423.79;
Polygons771 583.95 404.25 584.39 405.25;
Polygons772 583.95 410.43 584.39 411.43;
Polygons773 583.95 428.97 584.39 429.97;
Polygons774 583.95 435.14 584.39 436.14;
Polygons775 672.59 435.44 673.59 435.88;
Polygons776 672.59 424.97 673.59 425.41;
Polygons777 692.64 424.97 693.64 425.41;
Polygons778 676.04 424.97 677.04 425.41;
Polygons779 632.45 423.73 633.45 424.17;
Polygons780 681.16 423.73 682.16 424.17;
Polygons781 687.52 423.73 688.52 424.17;
Polygons782 689.97 456.38 690.97 456.81;
Polygons783 689.97 449.24 690.97 449.68;
Polygons784 678.15 449.24 679.15 449.68;
Polygons785 678.15 455.31 679.15 455.75;
Polygons786 679.05 456.38 680.05 456.81;
Polygons787 667.84 455.31 668.84 455.75;
Polygons788 672.71 445.64 673.71 446.09;
Polygons789 670.72 444.59 671.72 445.03;
Polygons790 672.71 450.56 673.71 451.00;
Polygons791 670.72 452.72 671.72 453.16;
Polygons792 691.97 452.72 692.97 453.16;
Polygons793 676.71 450.56 677.71 451.00;
Polygons794 650.28 444.59 651.28 445.03;
Polygons795 642.15 445.64 643.15 446.09;
Polygons796 691.97 448.25 692.97 448.69;
Polygons797 688.19 448.25 689.19 448.69;
Polygons798 680.49 448.25 681.49 448.69;
Polygons799 676.71 448.25 677.71 448.69;
Polygons800 604.89 402.70 605.57 403.94;
Polygons801 606.91 402.70 607.59 403.94;
Polygons802 604.89 408.88 605.57 410.12;
Polygons803 606.91 408.88 607.59 410.12;
Polygons804 606.91 415.06 607.59 416.31;
Polygons805 604.89 415.06 605.57 416.31;
Polygons806 604.89 421.25 605.57 422.49;
Polygons807 606.91 421.25 607.59 422.49;
Polygons808 604.89 427.43 605.57 428.67;
Polygons809 606.91 427.43 607.59 428.67;
Polygons810 604.89 433.61 605.57 434.85;
Polygons811 606.91 433.61 607.59 434.85;
Polygons812 606.91 439.79 607.59 441.03;
Polygons813 604.89 439.79 605.57 441.03;
Polygons814 604.89 445.97 605.57 447.20;
Polygons815 606.91 445.97 607.59 447.20;
Polygons816 638.72 435.32 639.96 436.00;
Polygons817 651.60 435.32 652.84 436.00;
Polygons818 699.06 379.44 700.86 381.31;
Polygons819 699.06 420.12 700.86 422.00;
Polygons820 651.80 380.63 655.76 381.31;
Polygons821 643.80 380.63 647.76 381.31;
Polygons822 683.80 420.12 687.76 420.81;
Polygons823 667.80 420.12 671.76 420.81;
Polygons824 675.80 420.25 679.76 420.69;
Polygons825 659.80 380.75 663.76 381.19;
Polygons826 667.80 380.75 671.76 381.19;
Polygons827 675.80 380.75 679.76 381.19;
Polygons828 683.80 380.75 687.76 381.19;
Polygons829 659.80 420.25 663.76 420.69;
Polygons830 651.80 420.25 655.76 420.69;
Polygons831 643.80 420.25 647.76 420.69;
Polygons832 640.36 426.61 644.76 427.05;
Polygons833 653.24 426.61 657.64 427.05;
Polygons834 666.12 435.44 670.52 435.88;
Polygons835 659.68 435.44 664.08 435.88;
Polygons836 666.12 426.61 670.52 427.05;
Polygons837 659.68 426.61 664.08 427.05;
Polygons838 646.80 442.73 651.20 443.17;
Polygons839 640.36 442.73 644.76 443.17;
Polygons840 612.01 454.05 619.58 454.49;
Polygons841 671.08 459.23 680.93 459.67;
Polygons842 635.41 459.23 645.26 459.67;
Polygons843 635.41 452.78 645.26 453.22;
Polygons844 651.32 452.78 661.17 453.22;
Polygons845 607.26 459.23 627.00 459.67;
Polygons846 659.19 459.23 669.04 459.67;
Polygons847 651.32 447.94 661.17 448.38;
Polygons848 647.30 459.23 657.15 459.67;
Polygons849 635.41 447.94 645.26 448.38;
Polygons850 587.89 410.70 604.77 411.14;
Polygons851 607.71 447.79 624.59 448.23;
Polygons852 607.71 429.25 624.59 429.69;
Polygons853 607.71 435.43 624.59 435.87;
Polygons854 607.71 441.61 624.59 442.05;
Polygons855 587.89 429.25 604.77 429.69;
Polygons856 607.71 404.53 624.59 404.97;
Polygons857 607.71 410.70 624.59 411.14;
Polygons858 587.89 404.53 604.77 404.97;
Polygons859 607.71 416.88 624.59 417.32;
Polygons860 587.89 435.43 604.77 435.87;
Polygons861 587.89 423.06 604.77 423.50;
Polygons862 587.89 441.61 604.77 442.05;
Polygons863 587.89 447.79 604.77 448.23;
Polygons864 607.71 423.06 624.59 423.50;
Polygons865 587.89 416.88 604.77 417.32;
Polygons866 677.31 421.94 678.31 422.94;
Polygons867 669.52 421.94 670.52 422.94;
Polygons868 679.05 456.38 680.07 459.67;
Polygons869 667.84 455.31 668.84 459.44;
Polygons870 649.84 442.73 651.75 448.38;
Polygons871 641.71 442.95 643.65 448.23;
Polygons872 642.33 453.04 643.91 459.67;
Polygons873 651.85 453.01 653.79 459.44;
Polygons874 632.45 423.61 633.45 431.87;
Polygons875 643.80 420.31 644.76 427.05;
Polygons876 651.80 420.26 653.24 427.05;
Polygons877 660.40 420.47 661.78 427.05;
Polygons878 669.52 421.94 670.52 427.03;
Polygons879 612.01 454.06 619.58 459.67;
Polygons880 583.40 392.99 629.14 393.99;
Polygons881 583.40 390.79 629.14 391.79;
Polygons882 630.37 471.32 630.81 472.57;
Polygons883 631.29 471.32 631.73 472.57;
Polygons884 632.18 471.32 632.62 472.57;
Polygons885 701.58 458.03 702.02 459.03;
Polygons886 712.45 458.03 712.89 459.03;
Polygons887 701.58 468.30 702.02 469.30;
Polygons888 708.25 456.83 712.21 457.27;
Polygons889 702.25 456.83 706.21 457.27;
Polygons890 337.66 598.39 340.63 600.20;
Polygons891 385.55 625.29 386.23 628.12;
Polygons892 469.41 594.90 470.64 595.59;
Polygons893 460.28 594.62 460.95 595.87;
Polygons894 500.88 594.62 501.56 595.87;
Polygons895 497.76 594.62 498.44 595.87;
Polygons896 494.65 594.62 495.32 595.87;
Polygons897 491.53 594.62 492.20 595.87;
Polygons898 488.41 594.62 489.09 595.87;
Polygons899 485.29 594.62 485.97 595.87;
Polygons900 482.17 594.62 482.85 595.87;
Polygons901 479.05 594.62 479.73 595.87;
Polygons902 475.93 594.62 476.61 595.87;
Polygons903 472.81 594.62 473.49 595.87;
Polygons904 470.67 641.16 471.35 642.40;
Polygons905 477.94 641.16 478.62 642.40;
Polygons906 485.23 641.16 485.91 642.40;
Polygons907 492.50 641.16 493.19 642.40;
Polygons908 499.79 641.16 500.47 642.40;
Polygons909 507.06 641.16 507.75 642.40;
Polygons910 514.35 641.16 515.02 642.40;
Polygons911 521.62 641.16 522.31 642.40;
Polygons912 528.90 641.16 529.59 642.40;
Polygons913 536.19 641.16 536.87 642.40;
Polygons914 458.86 641.16 459.54 642.40;
Polygons915 308.55 644.77 309.79 645.46;
Polygons916 308.55 644.77 309.79 645.46;
Polygons917 302.36 644.77 303.60 645.46;
Polygons918 302.36 644.77 303.60 645.46;
Polygons919 314.74 644.77 315.98 645.46;
Polygons920 314.74 644.77 315.98 645.46;
Polygons921 320.93 644.77 322.17 645.46;
Polygons922 320.93 644.77 322.17 645.46;
Polygons923 296.19 644.77 297.44 645.46;
Polygons924 296.19 644.77 297.44 645.46;
Polygons925 290.00 644.77 291.25 645.46;
Polygons926 290.00 644.77 291.25 645.46;
Polygons927 277.62 644.77 278.87 645.46;
Polygons928 277.62 644.77 278.87 645.46;
Polygons929 283.81 644.77 285.06 645.46;
Polygons930 283.81 644.77 285.06 645.46;
Polygons931 283.81 642.75 285.06 643.44;
Polygons932 283.81 642.75 285.06 643.44;
Polygons933 277.62 642.75 278.87 643.44;
Polygons934 277.62 642.75 278.87 643.44;
Polygons935 290.00 642.75 291.25 643.44;
Polygons936 290.00 642.75 291.25 643.44;
Polygons937 296.19 642.75 297.44 643.44;
Polygons938 296.19 642.75 297.44 643.44;
Polygons939 308.55 642.75 309.79 643.44;
Polygons940 308.55 642.75 309.79 643.44;
Polygons941 302.36 642.75 303.60 643.44;
Polygons942 302.36 642.75 303.60 643.44;
Polygons943 314.74 642.75 315.98 643.44;
Polygons944 314.74 642.75 315.98 643.44;
Polygons945 320.93 642.75 322.17 643.44;
Polygons946 320.93 642.75 322.17 643.44;
Polygons947 314.43 599.43 315.67 600.11;
Polygons948 314.43 599.43 315.67 600.11;
Polygons949 303.38 599.43 304.62 600.11;
Polygons950 303.38 599.43 304.62 600.11;
Polygons951 292.10 599.43 293.33 600.11;
Polygons952 292.10 599.43 293.33 600.11;
Polygons953 281.05 599.43 282.29 600.11;
Polygons954 281.05 599.43 282.29 600.11;
Polygons955 314.43 604.45 315.67 605.12;
Polygons956 314.43 604.45 315.67 605.12;
Polygons957 303.38 604.45 304.62 605.12;
Polygons958 303.38 604.45 304.62 605.12;
Polygons959 292.10 604.45 293.33 605.12;
Polygons960 292.10 604.45 293.33 605.12;
Polygons961 281.05 604.45 282.29 605.12;
Polygons962 281.05 604.45 282.29 605.12;
Polygons963 331.93 622.99 333.17 623.66;
Polygons964 330.05 623.89 331.29 624.58;
Polygons965 193.53 644.77 194.78 645.46;
Polygons966 195.38 604.45 196.62 605.12;
Polygons967 216.87 644.77 218.11 645.46;
Polygons968 216.87 644.77 218.11 645.46;
Polygons969 223.06 644.77 224.30 645.46;
Polygons970 223.06 644.77 224.30 645.46;
Polygons971 210.68 644.77 211.91 645.46;
Polygons972 210.68 644.77 211.91 645.46;
Polygons973 204.49 644.77 205.72 645.46;
Polygons974 204.49 644.77 205.72 645.46;
Polygons975 229.22 644.77 230.46 645.46;
Polygons976 229.22 644.77 230.46 645.46;
Polygons977 235.41 644.77 236.65 645.46;
Polygons978 235.41 644.77 236.65 645.46;
Polygons979 247.78 644.77 249.03 645.46;
Polygons980 247.78 644.77 249.03 645.46;
Polygons981 241.59 644.77 242.84 645.46;
Polygons982 241.59 644.77 242.84 645.46;
Polygons983 241.59 642.75 242.84 643.44;
Polygons984 241.59 642.75 242.84 643.44;
Polygons985 247.78 642.75 249.03 643.44;
Polygons986 247.78 642.75 249.03 643.44;
Polygons987 235.41 642.75 236.65 643.44;
Polygons988 235.41 642.75 236.65 643.44;
Polygons989 229.22 642.75 230.46 643.44;
Polygons990 229.22 642.75 230.46 643.44;
Polygons991 216.87 642.75 218.11 643.44;
Polygons992 216.87 642.75 218.11 643.44;
Polygons993 223.06 642.75 224.30 643.44;
Polygons994 223.06 642.75 224.30 643.44;
Polygons995 210.68 642.75 211.91 643.44;
Polygons996 210.68 642.75 211.91 643.44;
Polygons997 204.49 642.75 205.72 643.44;
Polygons998 204.49 642.75 205.72 643.44;
Polygons999 210.99 604.45 212.22 605.12;
Polygons1000 210.99 604.45 212.22 605.12;
Polygons1001 222.03 604.45 223.28 605.12;
Polygons1002 222.03 604.45 223.28 605.12;
Polygons1003 233.31 604.45 234.56 605.12;
Polygons1004 233.31 604.45 234.56 605.12;
Polygons1005 244.37 604.45 245.61 605.12;
Polygons1006 244.37 604.45 245.61 605.12;
Polygons1007 210.99 599.43 212.22 600.11;
Polygons1008 210.99 599.43 212.22 600.11;
Polygons1009 222.03 599.43 223.28 600.11;
Polygons1010 222.03 599.43 223.28 600.11;
Polygons1011 233.31 599.43 234.56 600.11;
Polygons1012 233.31 599.43 234.56 600.11;
Polygons1013 244.37 599.43 245.61 600.11;
Polygons1014 244.37 599.43 245.61 600.11;
Polygons1015 193.53 599.43 194.78 600.11;
Polygons1016 195.38 642.75 196.62 643.44;
Polygons1017 546.64 607.88 547.88 617.26;
Polygons1018 546.64 570.75 547.88 572.00;
Polygons1019 503.50 641.16 504.74 642.40;
Polygons1020 521.91 506.19 522.60 507.43;
Polygons1021 493.56 508.53 494.24 509.76;
Polygons1022 465.19 506.19 465.88 507.43;
Polygons1023 436.84 508.53 437.51 509.76;
Polygons1024 408.48 506.19 409.16 507.43;
Polygons1025 380.12 508.53 380.80 509.76;
Polygons1026 550.27 508.53 550.96 509.76;
Polygons1027 521.91 566.40 522.60 567.64;
Polygons1028 493.56 564.07 494.24 565.31;
Polygons1029 550.27 566.40 550.96 567.64;
Polygons1030 465.19 566.40 465.88 567.64;
Polygons1031 436.84 564.07 437.51 565.31;
Polygons1032 408.48 566.40 409.16 567.64;
Polygons1033 380.12 564.07 380.80 565.31;
Polygons1034 489.32 607.88 490.00 610.69;
Polygons1035 492.44 607.88 493.12 610.69;
Polygons1036 495.56 607.88 496.25 610.69;
Polygons1037 486.20 607.88 486.88 610.69;
Polygons1038 501.81 607.88 502.49 610.69;
Polygons1039 498.69 607.88 499.37 610.69;
Polygons1040 479.97 607.88 480.64 610.69;
Polygons1041 473.73 607.88 474.41 610.69;
Polygons1042 476.85 607.88 477.53 610.69;
Polygons1043 483.09 607.88 483.76 610.69;
Polygons1044 507.99 613.91 508.67 617.26;
Polygons1045 537.11 613.91 537.78 617.26;
Polygons1046 493.43 613.91 494.11 617.26;
Polygons1047 529.83 613.91 530.50 617.26;
Polygons1048 522.54 613.91 523.23 617.26;
Polygons1049 515.26 613.91 515.95 617.26;
Polygons1050 500.70 613.91 501.38 617.26;
Polygons1051 478.87 613.91 479.55 617.26;
Polygons1052 471.59 613.91 472.26 617.26;
Polygons1053 486.14 613.91 486.82 617.26;
Polygons1054 469.41 594.90 470.64 595.59;
Polygons1055 521.91 506.19 522.60 507.43;
Polygons1056 493.56 508.53 494.24 509.76;
Polygons1057 465.19 506.19 465.88 507.43;
Polygons1058 436.84 508.53 437.51 509.76;
Polygons1059 408.48 506.19 409.16 507.43;
Polygons1060 380.12 508.53 380.80 509.76;
Polygons1061 550.27 508.53 550.96 509.76;
Polygons1062 521.91 566.40 522.60 567.64;
Polygons1063 493.56 564.07 494.24 565.31;
Polygons1064 550.27 566.40 550.96 567.64;
Polygons1065 465.19 566.40 465.88 567.64;
Polygons1066 436.84 564.07 437.51 565.31;
Polygons1067 408.48 566.40 409.16 567.64;
Polygons1068 380.12 564.07 380.80 565.31;
Polygons1069 500.88 594.62 501.56 595.87;
Polygons1070 497.76 594.62 498.44 595.87;
Polygons1071 494.65 594.62 495.32 595.87;
Polygons1072 491.53 594.62 492.20 595.87;
Polygons1073 488.41 594.62 489.09 595.87;
Polygons1074 485.29 594.62 485.97 595.87;
Polygons1075 482.17 594.62 482.85 595.87;
Polygons1076 479.05 594.62 479.73 595.87;
Polygons1077 475.93 594.62 476.61 595.87;
Polygons1078 472.81 594.62 473.49 595.87;
Polygons1079 415.98 648.65 416.42 649.65;
Polygons1080 424.14 648.65 424.59 649.65;
Polygons1081 498.81 584.43 499.25 593.78;
Polygons1082 498.81 596.71 499.25 606.07;
Polygons1083 501.93 596.71 502.37 606.07;
Polygons1084 501.93 584.43 502.37 593.78;
Polygons1085 492.56 584.43 493.00 593.78;
Polygons1086 492.56 596.71 493.00 606.07;
Polygons1087 495.69 596.71 496.12 606.07;
Polygons1088 495.69 584.43 496.12 593.78;
Polygons1089 486.32 584.43 486.76 593.78;
Polygons1090 486.32 596.71 486.76 606.07;
Polygons1091 489.44 596.71 489.88 606.07;
Polygons1092 489.44 584.43 489.88 593.78;
Polygons1093 480.09 584.43 480.53 593.78;
Polygons1094 480.09 596.71 480.53 606.07;
Polygons1095 483.20 596.71 483.64 606.07;
Polygons1096 483.20 584.43 483.64 593.78;
Polygons1097 473.85 584.43 474.29 593.78;
Polygons1098 473.85 596.71 474.29 606.07;
Polygons1099 476.97 596.71 477.41 606.07;
Polygons1100 476.97 584.43 477.41 593.78;
Polygons1101 470.73 596.71 471.17 606.07;
Polygons1102 338.83 586.37 340.95 586.81;
Polygons1103 431.64 591.69 433.76 592.12;
Polygons1104 425.62 591.69 427.74 592.12;
Polygons1105 417.14 591.69 419.26 592.12;
Polygons1106 464.43 644.25 464.87 664.21;
Polygons1107 537.23 619.25 537.66 639.21;
Polygons1108 537.23 644.25 537.66 664.21;
Polygons1109 529.95 619.25 530.38 639.21;
Polygons1110 529.95 644.25 530.38 664.21;
Polygons1111 522.66 619.25 523.11 639.21;
Polygons1112 522.66 644.25 523.11 664.21;
Polygons1113 515.38 619.25 515.83 639.21;
Polygons1114 515.38 644.25 515.83 664.21;
Polygons1115 500.82 644.25 501.26 664.21;
Polygons1116 493.55 619.25 493.99 639.21;
Polygons1117 493.55 644.25 493.99 664.21;
Polygons1118 471.70 619.25 472.14 639.21;
Polygons1119 478.99 644.25 479.43 664.21;
Polygons1120 478.99 619.25 479.43 639.21;
Polygons1121 486.26 619.25 486.70 639.21;
Polygons1122 455.31 619.25 455.75 639.21;
Polygons1123 508.11 619.25 508.55 639.21;
Polygons1124 508.11 644.25 508.55 664.21;
Polygons1125 471.70 644.25 472.14 664.21;
Polygons1126 486.26 644.25 486.70 664.21;
Polygons1127 500.82 619.25 501.26 639.21;
Polygons1128 433.51 602.86 433.95 605.03;
Polygons1129 428.68 602.86 429.12 605.03;
Polygons1130 427.39 602.86 427.84 605.03;
Polygons1131 422.56 602.86 423.00 605.03;
Polygons1132 421.28 602.86 421.72 605.03;
Polygons1133 416.44 602.86 416.88 605.03;
Polygons1134 415.16 602.86 415.60 605.03;
Polygons1135 410.31 602.86 410.75 605.03;
Polygons1136 448.69 618.50 449.12 638.25;
Polygons1137 443.85 618.50 444.29 638.25;
Polygons1138 437.49 628.39 437.93 638.25;
Polygons1139 432.64 628.39 433.09 638.25;
Polygons1140 426.29 628.39 426.73 638.25;
Polygons1141 421.44 628.39 421.88 638.25;
Polygons1142 415.09 628.39 415.53 638.25;
Polygons1143 403.88 628.39 404.32 638.25;
Polygons1144 448.69 644.47 449.12 664.21;
Polygons1145 440.50 644.47 440.94 664.21;
Polygons1146 432.32 644.47 432.76 664.21;
Polygons1147 424.14 654.36 424.59 664.21;
Polygons1148 407.79 654.36 408.23 664.21;
Polygons1149 399.05 628.39 399.49 638.25;
Polygons1150 415.97 654.36 416.41 664.21;
Polygons1151 337.66 598.39 340.63 600.20;
Polygons1152 455.31 604.33 455.75 605.33;
Polygons1153 469.53 595.02 470.53 595.47;
Polygons1154 455.31 608.06 455.75 609.06;
Polygons1155 265.22 666.68 265.66 667.68;
Polygons1156 263.39 643.59 263.83 644.59;
Polygons1157 263.39 582.41 263.83 583.41;
Polygons1158 339.68 582.41 340.12 583.41;
Polygons1159 367.23 573.60 367.67 574.60;
Polygons1160 355.00 575.89 355.44 576.89;
Polygons1161 396.30 578.39 396.74 579.39;
Polygons1162 398.19 580.99 398.63 581.99;
Polygons1163 434.91 596.54 435.35 597.54;
Polygons1164 428.68 596.58 429.12 597.58;
Polygons1165 428.79 593.76 429.23 594.76;
Polygons1166 416.44 593.76 416.88 594.76;
Polygons1167 467.07 608.20 467.51 609.20;
Polygons1168 467.07 642.88 467.51 643.88;
Polygons1169 470.73 608.20 471.17 609.20;
Polygons1170 433.51 614.69 433.95 615.69;
Polygons1171 460.39 614.69 460.84 615.69;
Polygons1172 497.88 594.75 498.32 595.75;
Polygons1173 501.00 594.75 501.44 595.75;
Polygons1174 491.65 594.75 492.09 595.75;
Polygons1175 494.76 594.75 495.20 595.75;
Polygons1176 485.41 594.75 485.85 595.75;
Polygons1177 488.53 594.75 488.97 595.75;
Polygons1178 479.17 594.75 479.61 595.75;
Polygons1179 482.29 594.75 482.73 595.75;
Polygons1180 458.98 612.08 459.42 613.08;
Polygons1181 456.23 642.88 456.67 643.88;
Polygons1182 536.31 639.57 536.75 640.57;
Polygons1183 536.31 642.88 536.75 643.88;
Polygons1184 529.02 639.57 529.47 640.57;
Polygons1185 529.02 642.88 529.47 643.88;
Polygons1186 521.75 639.57 522.19 640.57;
Polygons1187 521.75 642.88 522.19 643.88;
Polygons1188 514.47 639.57 514.90 640.57;
Polygons1189 514.47 642.88 514.90 643.88;
Polygons1190 396.30 627.10 396.74 628.10;
Polygons1191 492.62 639.57 493.06 640.57;
Polygons1192 492.62 642.88 493.06 643.88;
Polygons1193 485.35 639.57 485.79 640.57;
Polygons1194 499.91 642.88 500.35 643.88;
Polygons1195 499.91 639.57 500.35 640.57;
Polygons1196 478.06 639.57 478.50 640.57;
Polygons1197 485.35 642.88 485.79 643.88;
Polygons1198 463.50 642.88 463.94 643.88;
Polygons1199 406.62 648.46 407.06 649.46;
Polygons1200 422.56 612.08 423.00 613.08;
Polygons1201 428.68 623.46 429.12 624.46;
Polygons1202 416.44 622.54 416.88 623.54;
Polygons1203 418.86 609.86 419.30 610.86;
Polygons1204 424.98 609.86 425.42 610.86;
Polygons1205 452.88 608.06 453.32 609.06;
Polygons1206 431.10 608.07 431.54 609.07;
Polygons1207 437.22 609.86 437.66 610.86;
Polygons1208 448.69 609.86 449.12 610.86;
Polygons1209 434.80 609.86 435.24 610.86;
Polygons1210 427.39 612.08 427.84 613.08;
Polygons1211 456.23 612.08 456.67 613.08;
Polygons1212 456.23 617.60 456.67 618.60;
Polygons1213 407.80 614.03 408.24 615.03;
Polygons1214 399.75 614.03 400.19 615.03;
Polygons1215 399.75 598.31 400.19 599.31;
Polygons1216 422.67 598.27 423.11 599.27;
Polygons1217 416.82 638.18 417.26 639.18;
Polygons1218 416.84 640.52 417.28 641.52;
Polygons1219 432.32 640.52 432.76 641.52;
Polygons1220 421.73 643.15 422.17 644.15;
Polygons1221 429.94 614.03 430.38 615.03;
Polygons1222 415.09 614.03 415.53 615.03;
Polygons1223 421.28 614.03 421.72 615.03;
Polygons1224 417.88 595.82 418.32 596.82;
Polygons1225 410.31 595.82 410.75 596.82;
Polygons1226 403.88 610.72 404.32 611.72;
Polygons1227 410.31 610.72 410.75 611.72;
Polygons1228 409.04 604.11 409.48 605.11;
Polygons1229 434.80 604.11 435.24 605.11;
Polygons1230 427.39 620.25 427.84 621.25;
Polygons1231 421.44 620.25 421.88 621.25;
Polygons1232 383.88 620.34 384.32 621.34;
Polygons1233 391.06 604.77 391.50 605.77;
Polygons1234 384.94 601.31 385.38 602.31;
Polygons1235 392.06 636.65 392.50 637.65;
Polygons1236 385.67 641.20 386.11 642.20;
Polygons1237 385.67 664.16 386.11 665.16;
Polygons1238 367.53 641.20 367.97 642.20;
Polygons1239 361.12 641.15 361.56 642.15;
Polygons1240 361.12 664.16 361.56 665.16;
Polygons1241 375.88 632.02 376.31 633.02;
Polygons1242 359.35 632.02 359.79 633.02;
Polygons1243 351.17 629.61 351.61 630.61;
Polygons1244 367.53 629.61 367.97 630.61;
Polygons1245 343.69 629.61 344.13 630.61;
Polygons1246 372.69 596.87 373.13 597.87;
Polygons1247 355.62 596.87 356.06 597.87;
Polygons1248 349.50 596.87 349.94 597.87;
Polygons1249 366.57 596.87 367.01 597.87;
Polygons1250 472.93 594.75 473.37 595.75;
Polygons1251 441.34 640.33 441.78 641.33;
Polygons1252 441.34 618.00 441.78 619.00;
Polygons1253 398.19 618.00 398.63 619.00;
Polygons1254 446.26 640.33 446.70 641.33;
Polygons1255 476.05 594.75 476.49 595.75;
Polygons1256 470.79 639.57 471.23 640.57;
Polygons1257 470.79 642.88 471.23 643.88;
Polygons1258 478.06 642.88 478.50 643.88;
Polygons1259 507.19 639.57 507.62 640.57;
Polygons1260 507.19 642.88 507.62 643.88;
Polygons1261 343.69 593.40 344.13 594.40;
Polygons1262 354.33 593.40 354.78 594.40;
Polygons1263 360.45 593.40 360.89 594.40;
Polygons1264 412.48 626.51 413.48 626.96;
Polygons1265 412.48 616.71 413.48 617.14;
Polygons1266 423.29 615.81 424.29 616.25;
Polygons1267 423.29 626.51 424.29 626.96;
Polygons1268 366.94 585.81 367.94 586.25;
Polygons1269 354.72 585.81 355.72 586.25;
Polygons1270 406.34 605.27 407.34 605.72;
Polygons1271 412.45 605.27 413.45 605.72;
Polygons1272 418.57 605.27 419.57 605.72;
Polygons1273 424.69 605.27 425.69 605.72;
Polygons1274 452.61 605.27 453.61 605.72;
Polygons1275 430.81 605.27 431.81 605.72;
Polygons1276 436.94 605.27 437.94 605.72;
Polygons1277 448.41 639.54 449.41 639.99;
Polygons1278 445.99 643.78 446.99 644.23;
Polygons1279 437.81 643.78 438.81 644.23;
Polygons1280 421.44 653.68 422.44 654.12;
Polygons1281 413.26 653.68 414.26 654.12;
Polygons1282 405.09 653.68 406.09 654.12;
Polygons1283 434.79 638.49 435.79 638.93;
Polygons1284 445.99 638.49 446.99 638.93;
Polygons1285 434.79 627.72 435.79 628.15;
Polygons1286 423.59 627.72 424.59 628.15;
Polygons1287 412.38 627.72 413.38 628.15;
Polygons1288 401.19 627.72 402.19 628.15;
Polygons1289 429.67 643.78 430.67 644.23;
Polygons1290 434.91 587.04 435.35 591.45;
Polygons1291 428.79 587.04 429.23 591.45;
Polygons1292 422.67 587.04 423.11 591.45;
Polygons1293 391.06 587.04 391.50 591.45;
Polygons1294 384.94 587.04 385.38 591.45;
Polygons1295 378.81 587.04 379.25 591.45;
Polygons1296 355.62 587.04 356.06 591.45;
Polygons1297 366.57 587.04 367.01 591.45;
Polygons1298 360.45 587.04 360.89 591.45;
Polygons1299 372.69 587.04 373.13 591.45;
Polygons1300 354.33 587.04 354.78 591.45;
Polygons1301 349.50 587.04 349.94 591.45;
Polygons1302 348.22 587.04 348.66 591.45;
Polygons1303 342.10 587.04 342.54 591.45;
Polygons1304 392.06 644.47 392.50 664.21;
Polygons1305 383.88 644.47 384.32 664.21;
Polygons1306 375.70 644.47 376.14 664.21;
Polygons1307 359.35 644.47 359.79 664.21;
Polygons1308 367.53 644.47 367.97 664.21;
Polygons1309 351.17 644.47 351.61 664.21;
Polygons1310 342.99 644.47 343.43 664.21;
Polygons1311 308.55 644.77 309.79 645.46;
Polygons1312 308.55 644.77 309.79 645.46;
Polygons1313 302.36 644.77 303.60 645.46;
Polygons1314 302.36 644.77 303.60 645.46;
Polygons1315 314.74 644.77 315.98 645.46;
Polygons1316 314.74 644.77 315.98 645.46;
Polygons1317 320.93 644.77 322.17 645.46;
Polygons1318 320.93 644.77 322.17 645.46;
Polygons1319 296.19 644.77 297.44 645.46;
Polygons1320 296.19 644.77 297.44 645.46;
Polygons1321 290.00 644.77 291.25 645.46;
Polygons1322 290.00 644.77 291.25 645.46;
Polygons1323 277.62 644.77 278.87 645.46;
Polygons1324 277.62 644.77 278.87 645.46;
Polygons1325 283.81 644.77 285.06 645.46;
Polygons1326 283.81 644.77 285.06 645.46;
Polygons1327 283.81 642.75 285.06 643.44;
Polygons1328 283.81 642.75 285.06 643.44;
Polygons1329 277.62 642.75 278.87 643.44;
Polygons1330 277.62 642.75 278.87 643.44;
Polygons1331 290.00 642.75 291.25 643.44;
Polygons1332 290.00 642.75 291.25 643.44;
Polygons1333 296.19 642.75 297.44 643.44;
Polygons1334 296.19 642.75 297.44 643.44;
Polygons1335 308.55 642.75 309.79 643.44;
Polygons1336 308.55 642.75 309.79 643.44;
Polygons1337 302.36 642.75 303.60 643.44;
Polygons1338 302.36 642.75 303.60 643.44;
Polygons1339 314.74 642.75 315.98 643.44;
Polygons1340 314.74 642.75 315.98 643.44;
Polygons1341 320.93 642.75 322.17 643.44;
Polygons1342 320.93 642.75 322.17 643.44;
Polygons1343 314.43 599.43 315.67 600.11;
Polygons1344 314.43 599.43 315.67 600.11;
Polygons1345 303.38 599.43 304.62 600.11;
Polygons1346 303.38 599.43 304.62 600.11;
Polygons1347 292.10 599.43 293.33 600.11;
Polygons1348 292.10 599.43 293.33 600.11;
Polygons1349 281.05 599.43 282.29 600.11;
Polygons1350 281.05 599.43 282.29 600.11;
Polygons1351 314.43 604.45 315.67 605.12;
Polygons1352 314.43 604.45 315.67 605.12;
Polygons1353 303.38 604.45 304.62 605.12;
Polygons1354 303.38 604.45 304.62 605.12;
Polygons1355 292.10 604.45 293.33 605.12;
Polygons1356 292.10 604.45 293.33 605.12;
Polygons1357 281.05 604.45 282.29 605.12;
Polygons1358 281.05 604.45 282.29 605.12;
Polygons1359 331.93 622.99 333.17 623.66;
Polygons1360 330.05 623.89 331.29 624.58;
Polygons1361 216.87 644.77 218.11 645.46;
Polygons1362 216.87 644.77 218.11 645.46;
Polygons1363 223.06 644.77 224.30 645.46;
Polygons1364 223.06 644.77 224.30 645.46;
Polygons1365 210.68 644.77 211.91 645.46;
Polygons1366 210.68 644.77 211.91 645.46;
Polygons1367 204.49 644.77 205.72 645.46;
Polygons1368 204.49 644.77 205.72 645.46;
Polygons1369 229.22 644.77 230.46 645.46;
Polygons1370 229.22 644.77 230.46 645.46;
Polygons1371 235.41 644.77 236.65 645.46;
Polygons1372 235.41 644.77 236.65 645.46;
Polygons1373 247.78 644.77 249.03 645.46;
Polygons1374 247.78 644.77 249.03 645.46;
Polygons1375 241.59 644.77 242.84 645.46;
Polygons1376 241.59 644.77 242.84 645.46;
Polygons1377 241.59 642.75 242.84 643.44;
Polygons1378 241.59 642.75 242.84 643.44;
Polygons1379 247.78 642.75 249.03 643.44;
Polygons1380 247.78 642.75 249.03 643.44;
Polygons1381 235.41 642.75 236.65 643.44;
Polygons1382 235.41 642.75 236.65 643.44;
Polygons1383 229.22 642.75 230.46 643.44;
Polygons1384 229.22 642.75 230.46 643.44;
Polygons1385 216.87 642.75 218.11 643.44;
Polygons1386 216.87 642.75 218.11 643.44;
Polygons1387 223.06 642.75 224.30 643.44;
Polygons1388 223.06 642.75 224.30 643.44;
Polygons1389 210.68 642.75 211.91 643.44;
Polygons1390 210.68 642.75 211.91 643.44;
Polygons1391 204.49 642.75 205.72 643.44;
Polygons1392 204.49 642.75 205.72 643.44;
Polygons1393 210.99 604.45 212.22 605.12;
Polygons1394 210.99 604.45 212.22 605.12;
Polygons1395 222.03 604.45 223.28 605.12;
Polygons1396 222.03 604.45 223.28 605.12;
Polygons1397 233.31 604.45 234.56 605.12;
Polygons1398 233.31 604.45 234.56 605.12;
Polygons1399 244.37 604.45 245.61 605.12;
Polygons1400 244.37 604.45 245.61 605.12;
Polygons1401 210.99 599.43 212.22 600.11;
Polygons1402 210.99 599.43 212.22 600.11;
Polygons1403 222.03 599.43 223.28 600.11;
Polygons1404 222.03 599.43 223.28 600.11;
Polygons1405 233.31 599.43 234.56 600.11;
Polygons1406 233.31 599.43 234.56 600.11;
Polygons1407 244.37 599.43 245.61 600.11;
Polygons1408 244.37 599.43 245.61 600.11;
Polygons1409 265.22 586.98 265.66 589.10;
Polygons1410 503.62 599.75 504.62 600.75;
Polygons1411 556.14 594.75 557.14 595.75;
Polygons1412 553.21 599.75 554.21 600.75;
Polygons1413 556.14 564.19 557.14 565.19;
Polygons1414 553.21 566.52 554.21 567.52;
Polygons1415 556.14 508.65 557.14 509.65;
Polygons1416 553.21 506.31 554.21 507.31;
Polygons1417 288.23 551.40 310.75 552.64;
Polygons1418 264.93 538.62 265.61 539.86;
Polygons1419 265.00 563.90 265.68 565.14;
Polygons1420 288.23 551.40 310.75 552.64;
Polygons1421 264.93 538.62 265.61 539.86;
Polygons1422 265.00 563.90 265.68 565.14;
Polygons1423 255.37 551.34 255.81 551.78;
Polygons1424 274.26 552.60 274.70 553.04;
Polygons1425 258.27 556.95 258.71 557.39;
Polygons1426 258.43 553.00 258.87 553.44;
Polygons1427 273.15 558.07 273.59 558.51;
Polygons1428 274.26 545.90 274.70 546.34;
Polygons1429 244.69 559.07 245.13 559.51;
Polygons1430 243.43 545.89 243.87 546.33;
Polygons1431 241.07 544.50 241.51 544.94;
Polygons1432 245.27 545.69 245.71 546.13;
Polygons1433 250.82 546.74 251.26 547.18;
Polygons1434 240.40 545.81 240.84 546.25;
Polygons1435 242.03 545.13 242.47 545.57;
Polygons1436 246.44 552.01 246.88 552.45;
Polygons1437 201.07 552.01 201.51 552.45;
Polygons1438 245.45 560.03 245.89 560.47;
Polygons1439 205.59 558.50 206.03 558.94;
Polygons1440 225.00 548.20 225.44 548.64;
Polygons1441 230.94 548.20 231.38 548.64;
Polygons1442 212.66 545.73 213.10 546.17;
Polygons1443 218.40 545.95 218.84 546.39;
Polygons1444 208.65 546.08 209.09 546.52;
Polygons1445 230.00 546.82 230.44 547.26;
Polygons1446 211.48 548.28 211.92 548.72;
Polygons1447 221.08 544.95 221.52 545.39;
Polygons1448 233.62 545.47 234.06 545.91;
Polygons1449 228.62 555.77 229.06 556.21;
Polygons1450 234.56 555.77 235.00 556.21;
Polygons1451 216.28 558.24 216.72 558.68;
Polygons1452 222.02 558.02 222.46 558.46;
Polygons1453 212.27 557.89 212.71 558.33;
Polygons1454 233.62 557.15 234.06 557.59;
Polygons1455 215.10 555.69 215.54 556.13;
Polygons1456 224.70 559.02 225.14 559.46;
Polygons1457 237.24 558.50 237.68 558.94;
Polygons1458 24.04 513.84 26.04 515.48;
Polygons1459 89.72 574.82 92.08 576.62;
Polygons1460 135.38 620.79 136.06 621.47;
Polygons1461 136.38 621.69 137.06 622.37;
Polygons1462 137.38 622.59 138.06 623.27;
Polygons1463 134.38 619.89 135.06 620.57;
Polygons1464 135.38 543.35 136.06 544.03;
Polygons1465 136.38 544.35 137.06 545.03;
Polygons1466 137.38 545.35 138.06 546.03;
Polygons1467 134.38 546.35 135.06 547.03;
Polygons1468 107.84 617.59 108.52 619.39;
Polygons1469 83.12 601.58 83.80 602.78;
Polygons1470 170.74 628.19 173.10 628.87;
Polygons1471 157.62 628.19 159.98 628.87;
Polygons1472 144.57 628.19 146.93 628.87;
Polygons1473 131.25 628.19 133.61 628.87;
Polygons1474 123.20 628.19 125.56 628.87;
Polygons1475 115.02 628.19 117.38 628.87;
Polygons1476 69.21 631.05 71.60 631.73;
Polygons1477 169.10 620.79 169.78 621.47;
Polygons1478 170.25 621.69 170.93 622.37;
Polygons1479 171.43 622.59 172.11 623.27;
Polygons1480 172.56 619.89 173.24 620.57;
Polygons1481 115.86 619.89 116.54 620.57;
Polygons1482 111.90 619.89 112.58 620.57;
Polygons1483 147.76 619.89 148.44 620.57;
Polygons1484 110.86 620.79 111.54 621.47;
Polygons1485 174.00 621.69 174.68 622.37;
Polygons1486 109.82 621.69 110.50 622.37;
Polygons1487 108.78 622.59 109.46 623.27;
Polygons1488 145.41 622.59 146.09 623.27;
Polygons1489 166.48 623.49 167.16 624.17;
Polygons1490 129.80 623.49 130.48 624.17;
Polygons1491 153.36 624.39 154.04 625.07;
Polygons1492 121.62 624.39 122.30 625.07;
Polygons1493 140.24 625.29 140.92 625.97;
Polygons1494 113.44 625.29 114.12 625.97;
Polygons1495 160.88 620.79 161.56 621.47;
Polygons1496 101.88 631.05 103.12 631.73;
Polygons1497 95.70 631.05 96.94 631.73;
Polygons1498 89.52 631.05 90.76 631.73;
Polygons1499 83.34 631.05 84.58 631.73;
Polygons1500 52.16 603.89 54.28 604.33;
Polygons1501 43.88 603.89 46.00 604.33;
Polygons1502 35.60 603.89 37.72 604.33;
Polygons1503 27.32 603.89 29.44 604.33;
Polygons1504 56.98 611.35 57.98 611.79;
Polygons1505 69.34 611.35 70.34 611.79;
Polygons1506 63.16 611.35 64.16 611.79;
Polygons1507 50.80 611.35 51.80 611.79;
Polygons1508 44.62 611.35 45.62 611.79;
Polygons1509 38.44 611.35 39.44 611.79;
Polygons1510 26.08 611.35 27.08 611.79;
Polygons1511 32.26 611.35 33.26 611.79;
Polygons1512 101.88 631.05 103.12 631.73;
Polygons1513 95.70 631.05 96.94 631.73;
Polygons1514 89.52 631.05 90.76 631.73;
Polygons1515 83.34 631.05 84.58 631.73;
Polygons1516 24.04 513.84 26.04 515.48;
Polygons1517 89.72 574.82 92.08 576.62;
Polygons1518 107.84 617.59 108.52 619.39;
Polygons1519 71.60 603.81 72.04 604.37;
Polygons1520 61.46 601.31 61.90 605.27;
Polygons1521 170.74 628.19 173.10 628.87;
Polygons1522 157.62 628.19 159.98 628.87;
Polygons1523 144.57 628.19 146.93 628.87;
Polygons1524 131.25 628.19 133.61 628.87;
Polygons1525 123.20 628.19 125.56 628.87;
Polygons1526 115.02 628.19 117.38 628.87;
Polygons1527 69.21 631.05 71.60 631.73;
Polygons1528 115.86 619.89 116.54 620.57;
Polygons1529 160.88 620.79 161.56 621.47;
Polygons1530 147.76 619.89 148.44 620.57;
Polygons1531 174.00 621.69 174.68 622.37;
Polygons1532 145.41 622.59 146.09 623.27;
Polygons1533 166.48 623.49 167.16 624.17;
Polygons1534 129.80 623.49 130.48 624.17;
Polygons1535 153.36 624.39 154.04 625.07;
Polygons1536 121.62 624.39 122.30 625.07;
Polygons1537 140.24 625.29 140.92 625.97;
Polygons1538 113.44 625.29 114.12 625.97;
Polygons1539 32.42 605.27 33.10 605.71;
Polygons1540 112.02 603.90 112.46 604.34;
Polygons1541 91.83 586.09 92.27 586.53;
Polygons1542 90.93 596.67 91.37 597.11;
Polygons1543 78.75 579.35 79.19 579.79;
Polygons1544 78.75 586.09 79.19 586.53;
Polygons1545 91.83 603.90 92.27 604.34;
Polygons1546 77.85 605.11 78.29 605.55;
Polygons1547 77.85 581.17 78.29 581.61;
Polygons1548 110.98 605.11 111.42 605.55;
Polygons1549 109.94 606.32 110.38 606.76;
Polygons1550 76.68 606.32 77.12 606.76;
Polygons1551 76.68 601.73 77.12 602.17;
Polygons1552 71.60 601.73 72.04 602.17;
Polygons1553 108.90 607.53 109.34 607.97;
Polygons1554 90.93 607.53 91.37 607.97;
Polygons1555 90.93 593.99 91.37 594.43;
Polygons1556 61.46 608.57 61.90 609.01;
Polygons1557 83.24 628.49 83.68 628.93;
Polygons1558 104.36 623.13 104.80 623.57;
Polygons1559 99.08 623.13 99.52 623.57;
Polygons1560 93.80 623.13 94.24 623.57;
Polygons1561 88.52 623.13 88.96 623.57;
Polygons1562 83.24 623.13 83.68 623.57;
Polygons1563 83.24 607.36 83.68 607.80;
Polygons1564 104.36 611.25 104.80 611.69;
Polygons1565 99.08 611.25 99.52 611.69;
Polygons1566 93.80 611.25 94.24 611.69;
Polygons1567 88.52 611.25 88.96 611.69;
Polygons1568 83.24 611.25 83.68 611.69;
Polygons1569 57.66 608.57 58.10 609.01;
Polygons1570 71.60 595.12 72.04 595.56;
Polygons1571 170.37 617.73 170.81 623.13;
Polygons1572 169.22 617.73 169.66 623.13;
Polygons1573 172.68 617.73 173.12 623.13;
Polygons1574 171.55 617.73 171.99 623.13;
