Region1 465.47 421.66 467.25 441.66;
Region2 476.95 421.66 478.73 441.66;
Region3 469.25 421.66 471.03 441.66;
Region4 480.73 421.66 482.51 441.66;
Region5 477.27 460.29 482.55 470.18;
Region6 460.91 460.29 466.19 470.18;
Region7 436.37 460.29 441.65 470.18;
Region8 469.09 460.29 474.37 470.18;
Region9 350.69 450.40 352.31 470.18;
Region10 420.65 450.40 422.27 470.18;
Region11 339.79 451.51 341.41 468.43;
Region12 285.83 451.51 287.45 468.43;
Region13 339.79 431.69 341.41 448.61;
Region14 285.83 431.69 287.45 448.61;
Region15 272.06 451.51 273.68 468.43;
Region16 218.10 451.51 219.72 468.43;
Region17 218.10 431.69 219.72 448.61;
Region18 204.28 451.51 205.90 468.43;
Region19 150.32 451.51 151.94 468.43;
Region20 204.28 431.69 205.90 448.61;
Region21 150.32 431.69 151.94 448.61;
Region22 272.06 431.69 273.68 448.61;
Region23 333.61 451.51 336.89 468.43;
Region24 308.89 451.51 312.17 468.43;
Region25 315.07 431.69 318.35 448.61;
Region26 290.35 431.69 293.63 448.61;
Region27 321.25 431.69 324.53 448.61;
Region28 327.43 451.51 330.71 468.43;
Region29 302.71 451.51 305.99 468.43;
Region30 296.53 431.69 299.81 448.61;
Region31 333.61 431.69 336.89 448.61;
Region32 315.07 451.51 318.35 468.43;
Region33 308.89 431.69 312.17 448.61;
Region34 290.35 451.51 293.63 468.43;
Region35 327.43 431.69 330.71 448.61;
Region36 321.25 451.51 324.53 468.43;
Region37 302.71 431.69 305.99 448.61;
Region38 296.53 451.51 299.81 468.43;
Region39 265.88 431.69 269.16 448.61;
Region40 247.34 451.51 250.62 468.43;
Region41 241.16 431.69 244.44 448.61;
Region42 222.62 451.51 225.90 468.43;
Region43 259.70 431.69 262.98 448.61;
Region44 253.52 451.51 256.80 468.43;
Region45 228.80 451.51 232.08 468.43;
Region46 234.98 431.69 238.26 448.61;
Region47 265.88 451.51 269.16 468.43;
Region48 247.34 431.69 250.62 448.61;
Region49 241.16 451.51 244.44 468.43;
Region50 222.62 431.69 225.90 448.61;
Region51 259.70 451.51 262.98 468.43;
Region52 253.52 431.69 256.80 448.61;
Region53 228.80 431.69 232.08 448.61;
Region54 234.98 451.51 238.26 468.43;
Region55 198.10 431.69 201.38 448.61;
Region56 179.56 451.51 182.84 468.43;
Region57 173.38 431.69 176.66 448.61;
Region58 154.84 451.51 158.12 468.43;
Region59 191.92 431.69 195.20 448.61;
Region60 185.74 451.51 189.02 468.43;
Region61 167.20 431.69 170.48 448.61;
Region62 161.02 451.51 164.30 468.43;
Region63 198.10 451.51 201.38 468.43;
Region64 179.56 431.69 182.84 448.61;
Region65 173.38 451.51 176.66 468.43;
Region66 154.84 431.69 158.12 448.61;
Region67 191.92 451.51 195.20 468.43;
Region68 185.74 431.69 189.02 448.61;
Region69 161.02 431.69 164.30 448.61;
Region70 167.20 451.51 170.48 468.43;
Region71 412.47 450.40 417.75 470.18;
Region72 443.07 421.88 448.35 441.66;
Region73 454.27 421.88 459.55 441.66;
Region74 452.73 450.40 458.01 470.18;
Region75 444.55 450.40 449.83 470.18;
Region76 404.29 450.40 409.57 470.18;
Region77 428.19 450.40 433.47 470.18;
Region78 396.11 450.40 401.39 470.18;
Region79 371.57 450.40 376.85 470.18;
Region80 363.39 450.40 368.67 470.18;
Region81 379.75 450.40 385.03 470.18;
Region82 387.93 450.40 393.21 470.18;
Region83 355.21 450.40 360.49 470.18;
Region84 340.62 409.17 342.24 418.97;
Region85 288.38 409.17 290.00 418.97;
Region86 340.62 393.47 342.24 403.27;
Region87 288.38 393.47 290.00 403.27;
Region88 272.84 409.17 274.46 418.97;
Region89 220.60 409.17 222.22 418.97;
Region90 272.84 393.47 274.46 403.27;
Region91 220.60 393.47 222.22 403.27;
Region92 205.06 409.17 206.68 418.97;
Region93 205.06 393.47 206.68 403.27;
Region94 152.82 393.47 154.44 403.27;
Region95 152.82 409.17 154.44 418.97;
Region96 329.44 409.17 334.72 418.97;
Region97 295.90 393.47 301.18 403.27;
Region98 318.26 409.17 323.54 418.97;
Region99 307.08 393.47 312.36 403.27;
Region100 329.44 393.47 334.72 403.27;
Region101 295.90 409.17 301.18 418.97;
Region102 318.26 393.47 323.54 403.27;
Region103 307.08 409.17 312.36 418.97;
Region104 261.66 393.47 266.94 403.27;
Region105 228.12 409.17 233.40 418.97;
Region106 250.48 393.47 255.76 403.27;
Region107 239.30 409.17 244.58 418.97;
Region108 261.66 409.17 266.94 418.97;
Region109 228.12 393.47 233.40 403.27;
Region110 250.48 409.17 255.76 418.97;
Region111 239.30 393.47 244.58 403.27;
Region112 193.88 393.47 199.16 403.27;
Region113 160.34 409.17 165.62 418.97;
Region114 171.52 409.17 176.80 418.97;
Region115 182.70 393.47 187.98 403.27;
Region116 193.88 409.17 199.16 418.97;
Region117 160.34 393.47 165.62 403.27;
Region118 171.52 393.47 176.80 403.27;
Region119 182.70 409.17 187.98 418.97;
Region120 456.50 397.41 465.78 401.85;
Region121 433.94 397.41 443.22 401.85;
Region122 433.94 390.97 443.22 395.41;
Region123 445.22 390.97 454.50 395.41;
Region124 445.22 397.41 454.50 401.85;
Region125 456.50 390.97 465.78 395.41;
Region126 422.66 390.97 431.94 395.41;
Region127 422.66 397.41 431.94 401.85;
Region128 351.94 411.30 353.56 415.74;
Region129 415.60 411.30 417.22 415.74;
Region130 378.88 411.30 384.16 415.74;
Region131 372.76 411.30 378.04 415.74;
Region132 360.52 411.30 365.80 415.74;
Region133 366.64 411.30 371.92 415.74;
Region134 397.24 411.30 402.52 415.74;
Region135 437.22 411.30 442.50 415.74;
Region136 429.94 411.30 435.22 415.74;
Region137 409.48 411.30 414.76 415.74;
Region138 354.40 411.30 359.68 415.74;
Region139 385.00 411.30 390.28 415.74;
Region140 391.12 411.30 396.40 415.74;
Region141 422.66 411.30 427.94 415.74;
Region142 403.36 411.30 408.64 415.74;
Region143 687.80 427.70 689.58 447.70;
Region144 676.32 427.70 678.10 447.70;
Region145 691.58 427.70 693.36 447.70;
Region146 680.10 427.70 681.88 447.70;
Region147 671.06 459.23 680.95 464.50;
Region148 659.17 459.23 669.06 464.50;
Region149 647.28 459.23 657.17 464.50;
Region150 635.39 459.23 645.28 464.50;
Region151 635.39 447.94 645.28 453.22;
Region152 651.30 447.94 661.19 453.22;
Region153 607.69 451.12 624.61 452.75;
Region154 607.69 397.17 624.61 398.79;
Region155 587.87 451.12 604.79 452.75;
Region156 587.87 397.17 604.79 398.79;
Region157 607.69 401.69 624.61 404.97;
Region158 587.87 420.23 604.79 423.50;
Region159 607.69 426.41 624.61 429.69;
Region160 587.87 444.94 604.79 448.23;
Region161 607.69 407.87 624.61 411.14;
Region162 587.87 414.05 604.79 417.32;
Region163 607.69 432.59 624.61 435.87;
Region164 587.87 438.76 604.79 442.05;
Region165 587.87 401.69 604.79 404.97;
Region166 607.69 420.23 624.61 423.50;
Region167 587.87 426.41 604.79 429.69;
Region168 607.69 444.94 624.61 448.23;
Region169 587.87 407.87 604.79 411.14;
Region170 607.69 414.05 624.61 417.32;
Region171 587.87 432.59 604.79 435.87;
Region172 607.69 438.76 624.61 442.05;
Region173 585.46 459.23 605.24 464.50;
Region174 607.24 459.23 627.02 464.50;
Region175 640.34 426.61 644.78 435.88;
Region176 653.22 426.61 657.66 435.88;
Region177 646.78 426.61 651.22 435.88;
Region178 633.90 426.61 638.34 435.88;
Region179 666.10 426.61 670.54 435.88;
Region180 659.66 426.61 664.10 435.88;
Region181 646.78 437.88 651.22 443.17;
Region182 640.34 437.88 644.78 443.17;
Region183 708.23 456.83 712.23 460.11;
Region184 702.23 456.83 706.23 460.11;
Region185 702.22 466.03 706.22 471.31;
Region186 708.22 466.03 712.22 471.31;
Region187 455.31 619.23 457.59 639.23;
Region188 469.87 644.23 472.14 664.23;
Region189 462.59 644.23 464.87 664.23;
Region190 520.83 644.23 523.11 664.23;
Region191 513.54 644.23 515.83 664.23;
Region192 506.26 644.23 508.55 664.23;
Region193 498.99 644.23 501.26 664.23;
Region194 491.70 644.23 493.99 664.23;
Region195 498.99 619.23 501.26 639.23;
Region196 535.38 619.23 537.66 639.23;
Region197 491.70 619.23 493.99 639.23;
Region198 455.31 644.23 457.59 664.23;
Region199 469.87 619.23 472.14 639.23;
Region200 535.38 644.23 537.66 664.23;
Region201 528.11 644.23 530.38 664.23;
Region202 528.11 619.23 530.38 639.23;
Region203 520.83 619.23 523.11 639.23;
Region204 513.54 619.23 515.83 639.23;
Region205 506.26 619.23 508.55 639.23;
Region206 484.43 644.23 486.70 664.23;
Region207 484.43 619.23 486.70 639.23;
Region208 477.14 619.23 479.43 639.23;
Region209 477.14 644.23 479.43 664.23;
Region210 462.59 619.23 464.87 639.23;
Region211 432.64 628.38 437.93 638.26;
Region212 399.05 628.38 404.32 638.26;
Region213 402.94 654.34 408.23 664.23;
Region214 411.12 654.34 416.41 664.23;
Region215 419.31 654.34 424.59 664.23;
Region216 421.44 628.38 426.73 638.26;
Region217 410.25 628.38 415.53 638.26;
Region218 395.41 644.45 397.03 664.23;
Region219 333.62 644.45 335.25 664.23;
Region220 326.08 625.74 327.70 642.65;
Region221 326.08 645.56 327.70 662.48;
Region222 272.12 625.74 273.75 642.65;
Region223 272.12 645.56 273.75 662.48;
Region224 252.91 645.56 254.53 662.48;
Region225 252.91 625.74 254.53 642.65;
Region226 198.94 645.56 200.56 662.48;
Region227 198.94 625.74 200.56 642.65;
Region228 276.64 645.56 279.93 662.48;
Region229 295.19 625.74 298.47 642.65;
Region230 301.37 645.56 304.64 662.48;
Region231 319.91 625.74 323.19 642.65;
Region232 282.82 645.56 286.11 662.48;
Region233 289.00 625.74 292.29 642.65;
Region234 307.55 645.56 310.82 662.48;
Region235 313.73 625.74 317.00 642.65;
Region236 276.64 625.74 279.93 642.65;
Region237 295.19 645.56 298.47 662.48;
Region238 301.37 625.74 304.64 642.65;
Region239 319.91 645.56 323.19 662.48;
Region240 282.82 625.74 286.11 642.65;
Region241 289.00 645.56 292.29 662.48;
Region242 307.55 625.74 310.82 642.65;
Region243 313.73 645.56 317.00 662.48;
Region244 246.72 645.56 250.00 662.48;
Region245 228.19 625.74 231.47 642.65;
Region246 222.00 645.56 225.28 662.48;
Region247 203.47 625.74 206.75 642.65;
Region248 240.55 645.56 243.83 662.48;
Region249 234.37 625.74 237.65 642.65;
Region250 215.83 645.56 219.11 662.48;
Region251 209.65 625.74 212.93 642.65;
Region252 246.72 625.74 250.00 642.65;
Region253 228.19 645.56 231.47 662.48;
Region254 222.00 625.74 225.28 642.65;
Region255 203.47 645.56 206.75 662.48;
Region256 240.55 625.74 243.83 642.65;
Region257 234.37 645.56 237.65 662.48;
Region258 215.83 625.74 219.11 642.65;
Region259 209.65 645.56 212.93 662.48;
Region260 443.85 618.49 449.12 638.26;
Region261 354.50 644.45 359.79 664.23;
Region262 370.87 644.45 376.14 664.23;
Region263 362.69 644.45 367.97 664.23;
Region264 338.14 644.45 343.43 664.23;
Region265 346.32 644.45 351.61 664.23;
Region266 379.05 644.45 384.32 664.23;
Region267 443.85 644.45 449.12 664.23;
Region268 435.67 644.45 440.94 664.23;
Region269 427.49 644.45 432.76 664.23;
Region270 387.23 644.45 392.50 664.23;
Region271 323.58 605.23 325.20 615.02;
Region272 323.58 589.52 325.20 599.33;
Region273 271.35 605.23 272.97 615.02;
Region274 271.35 589.52 272.97 599.33;
Region275 253.69 605.23 255.31 615.02;
Region276 253.69 589.52 255.31 599.33;
Region277 201.44 605.23 203.06 615.02;
Region278 201.44 589.52 203.06 599.33;
Region279 278.87 589.52 284.14 599.33;
Region280 312.41 605.23 317.69 615.02;
Region281 290.05 589.52 295.32 599.33;
Region282 301.23 605.23 306.50 615.02;
Region283 278.87 605.23 284.14 615.02;
Region284 312.41 589.52 317.69 599.33;
Region285 290.05 605.23 295.32 615.02;
Region286 301.23 589.52 306.50 599.33;
Region287 242.50 589.52 247.78 599.33;
Region288 231.33 589.52 236.61 599.33;
Region289 220.15 605.23 225.43 615.02;
Region290 208.97 605.23 214.25 615.02;
Region291 242.50 605.23 247.78 615.02;
Region292 231.33 605.23 236.61 615.02;
Region293 220.15 589.52 225.43 599.33;
Region294 208.97 589.52 214.25 599.33;
Region295 450.47 604.61 455.75 605.06;
Region296 468.88 584.40 471.17 594.40;
Region297 500.09 596.09 502.37 606.09;
Region298 496.97 596.09 499.25 606.09;
Region299 493.85 596.09 496.12 606.09;
Region300 490.73 596.09 493.00 606.09;
Region301 487.61 596.09 489.88 606.09;
Region302 484.49 596.09 486.76 606.09;
Region303 481.37 596.09 483.64 606.09;
Region304 478.25 596.09 480.53 606.09;
Region305 475.12 596.09 477.41 606.09;
Region306 472.00 596.09 474.29 606.09;
Region307 500.09 584.40 502.37 594.40;
Region308 496.97 584.40 499.25 594.40;
Region309 493.85 584.40 496.12 594.40;
Region310 490.73 584.40 493.00 594.40;
Region311 487.61 584.40 489.88 594.40;
Region312 484.49 584.40 486.76 594.40;
Region313 481.37 584.40 483.64 594.40;
Region314 478.25 584.40 480.53 594.40;
Region315 475.12 584.40 477.41 594.40;
Region316 472.00 584.40 474.29 594.40;
Region317 468.88 596.09 471.17 606.09;
Region318 413.82 587.02 423.11 591.47;
Region319 434.80 604.15 440.07 605.06;
Region320 404.19 604.15 409.48 605.06;
Region321 422.56 602.84 427.84 605.06;
Region322 410.31 602.84 415.60 605.06;
Region323 428.68 602.84 433.95 605.06;
Region324 416.44 602.84 421.72 605.06;
Region325 392.34 587.02 393.95 591.47;
Region326 334.80 587.02 336.42 591.47;
Region327 355.62 587.02 360.89 591.47;
Region328 349.50 587.02 354.78 591.47;
Region329 367.86 587.02 373.13 591.47;
Region330 361.74 587.02 367.01 591.47;
Region331 373.98 587.02 379.25 591.47;
Region332 343.38 587.02 348.66 591.47;
Region333 337.25 587.02 342.54 591.47;
Region334 380.10 587.02 385.38 591.47;
Region335 430.06 587.02 435.35 591.47;
Region336 423.94 587.02 429.23 591.47;
Region337 386.22 587.02 391.50 591.47;
Region338 453.32 619.24 454.03 639.24;
Region339 453.32 644.23 454.03 664.23;
Region340 463.54 641.40 535.98 641.85;
Region341 255.76 542.50 257.38 543.46;
Region342 254.58 542.50 256.20 543.46;
Region343 255.76 549.19 256.20 549.63;
Region344 256.94 549.19 257.38 549.63;
Region345 255.76 549.29 257.38 549.53;
Region346 255.76 549.19 256.20 549.63;
Region347 254.58 549.19 255.02 549.63;
Region348 254.58 549.29 256.20 549.53;
Region349 255.96 560.95 257.58 561.91;
Region350 254.78 560.95 256.40 561.91;
Region351 255.96 554.78 256.40 555.22;
Region352 257.14 554.78 257.58 555.22;
Region353 255.96 554.88 257.58 555.12;
Region354 255.96 554.78 256.40 555.22;
Region355 254.78 554.78 255.22 555.22;
Region356 254.78 554.88 256.40 555.12;
Region357 250.09 551.44 283.58 552.70;
Region358 283.08 542.50 284.70 543.46;
Region359 284.26 549.19 284.70 549.63;
Region360 283.08 549.19 283.52 549.63;
Region361 283.08 549.29 284.70 549.53;
Region362 279.46 542.50 281.08 543.46;
Region363 280.64 549.19 281.08 549.63;
Region364 279.46 549.19 279.90 549.63;
Region365 279.46 549.29 281.08 549.53;
Region366 250.96 542.50 252.58 543.46;
Region367 252.14 549.19 252.58 549.63;
Region368 250.96 549.19 251.40 549.63;
Region369 250.96 549.29 252.58 549.53;
Region370 270.24 542.50 271.86 543.46;
Region371 271.42 549.19 271.86 549.63;
Region372 270.24 549.19 270.68 549.63;
Region373 270.24 549.29 271.86 549.53;
Region374 266.62 542.50 268.24 543.46;
Region375 267.80 549.19 268.24 549.63;
Region376 266.62 549.19 267.06 549.63;
Region377 266.62 549.29 268.24 549.53;
Region378 275.84 542.50 277.46 543.46;
Region379 277.02 549.19 277.46 549.63;
Region380 275.84 549.19 276.28 549.63;
Region381 275.84 549.29 277.46 549.53;
Region382 263.00 542.50 264.62 543.46;
Region383 264.18 549.19 264.62 549.63;
Region384 263.00 549.19 263.44 549.63;
Region385 263.00 549.29 264.62 549.53;
Region386 259.38 542.50 261.00 543.46;
Region387 260.56 549.19 261.00 549.63;
Region388 259.38 549.19 259.82 549.63;
Region389 259.38 549.29 261.00 549.53;
Region390 283.08 560.95 284.70 561.91;
Region391 284.26 554.78 284.70 555.22;
Region392 283.08 554.78 283.52 555.22;
Region393 283.08 554.88 284.70 555.12;
Region394 279.46 560.95 281.08 561.91;
Region395 280.64 554.78 281.08 555.22;
Region396 279.46 554.78 279.90 555.22;
Region397 279.46 554.88 281.08 555.12;
Region398 270.24 560.95 271.86 561.91;
Region399 271.42 554.78 271.86 555.22;
Region400 270.24 554.78 270.68 555.22;
Region401 270.24 554.88 271.86 555.12;
Region402 266.34 560.95 267.96 561.91;
Region403 267.52 554.78 267.96 555.22;
Region404 266.34 554.78 266.78 555.22;
Region405 266.34 554.88 267.96 555.12;
Region406 275.84 560.95 277.46 561.91;
Region407 277.02 554.78 277.46 555.22;
Region408 275.84 554.78 276.28 555.22;
Region409 275.84 554.88 277.46 555.12;
Region410 263.00 560.95 264.62 561.91;
Region411 264.18 554.78 264.62 555.22;
Region412 263.00 554.78 263.44 555.22;
Region413 263.00 554.88 264.62 555.12;
Region414 259.38 560.95 261.00 561.91;
Region415 260.56 554.78 261.00 555.22;
Region416 259.38 554.78 259.82 555.22;
Region417 259.38 554.88 261.00 555.12;
Region418 202.12 551.44 249.11 552.70;
Region419 286.08 539.65 287.85 540.93;
Region420 286.08 563.49 287.85 564.77;
Region421 201.30 539.65 286.08 540.93;
Region422 201.30 563.49 286.08 564.77;
Region423 199.66 539.65 201.30 540.93;
Region424 199.66 563.49 201.30 564.77;
Region425 199.66 540.93 201.30 544.28;
Region426 199.66 560.14 201.30 563.49;
Region427 286.08 540.93 287.85 544.40;
Region428 286.08 560.02 287.85 563.49;
Region429 243.23 542.49 244.85 543.45;
Region430 244.41 549.18 244.85 549.62;
Region431 243.23 549.18 243.67 549.62;
Region432 243.23 549.28 244.85 549.52;
Region433 247.34 542.50 248.96 543.46;
Region434 248.52 549.19 248.96 549.63;
Region435 247.34 549.19 247.78 549.63;
Region436 247.34 549.29 248.96 549.53;
Region437 202.67 560.95 204.29 561.91;
Region438 203.85 554.78 204.29 555.22;
Region439 202.67 554.78 203.11 555.22;
Region440 202.67 554.88 204.29 555.12;
Region441 247.34 560.95 248.96 561.91;
Region442 248.52 554.78 248.96 555.22;
Region443 247.34 554.78 247.78 555.22;
Region444 247.34 554.88 248.96 555.12;
Region445 224.61 542.50 226.23 543.46;
Region446 222.55 542.50 224.17 543.46;
Region447 220.49 542.50 222.11 543.46;
Region448 224.61 549.19 225.05 549.63;
Region449 225.79 549.19 226.23 549.63;
Region450 224.61 549.29 226.23 549.53;
Region451 222.55 549.19 222.99 549.63;
Region452 223.73 549.19 224.17 549.63;
Region453 222.55 549.29 224.17 549.53;
Region454 220.49 549.19 220.93 549.63;
Region455 221.67 549.19 222.11 549.63;
Region456 220.49 549.29 222.11 549.53;
Region457 234.21 542.50 235.83 543.46;
Region458 233.03 542.50 234.65 543.46;
Region459 234.21 549.19 234.65 549.63;
Region460 235.39 549.19 235.83 549.63;
Region461 234.21 549.29 235.83 549.53;
Region462 234.21 549.19 234.65 549.63;
Region463 233.03 549.19 233.47 549.63;
Region464 233.03 549.29 234.65 549.53;
Region465 239.01 542.50 240.63 543.46;
Region466 237.83 542.50 239.45 543.46;
Region467 239.01 549.19 239.45 549.63;
Region468 240.19 549.19 240.63 549.63;
Region469 239.01 549.29 240.63 549.53;
Region470 239.01 549.19 239.45 549.63;
Region471 237.83 549.19 238.27 549.63;
Region472 237.83 549.29 239.45 549.53;
Region473 229.41 542.50 231.03 543.46;
Region474 228.23 542.50 229.85 543.46;
Region475 229.41 549.19 229.85 549.63;
Region476 230.59 549.19 231.03 549.63;
Region477 229.41 549.29 231.03 549.53;
Region478 229.41 549.19 229.85 549.63;
Region479 228.23 549.19 228.67 549.63;
Region480 228.23 549.29 229.85 549.53;
Region481 216.87 542.50 218.49 543.46;
Region482 215.69 542.50 217.31 543.46;
Region483 216.87 549.19 217.31 549.63;
Region484 218.05 549.19 218.49 549.63;
Region485 216.87 549.29 218.49 549.53;
Region486 216.87 549.19 217.31 549.63;
Region487 215.69 549.19 216.13 549.63;
Region488 215.69 549.29 217.31 549.53;
Region489 212.27 542.50 213.89 543.46;
Region490 211.09 542.50 212.71 543.46;
Region491 212.27 549.19 212.71 549.63;
Region492 213.45 549.19 213.89 549.63;
Region493 212.27 549.29 213.89 549.53;
Region494 212.27 549.19 212.71 549.63;
Region495 211.09 549.19 211.53 549.63;
Region496 211.09 549.29 212.71 549.53;
Region497 203.85 542.50 205.47 543.46;
Region498 207.47 542.50 209.09 543.46;
Region499 202.67 542.50 204.29 543.46;
Region500 202.67 549.19 203.11 549.63;
Region501 203.85 549.19 204.29 549.63;
Region502 202.67 549.29 204.29 549.53;
Region503 208.65 549.19 209.09 549.63;
Region504 207.47 549.19 207.91 549.63;
Region505 207.47 549.29 209.09 549.53;
Region506 205.03 549.19 205.47 549.63;
Region507 203.85 549.19 204.29 549.63;
Region508 203.85 549.29 205.47 549.53;
Region509 228.23 560.95 229.85 561.91;
Region510 226.17 560.95 227.79 561.91;
Region511 224.11 560.95 225.73 561.91;
Region512 228.23 554.78 228.67 555.22;
Region513 229.41 554.78 229.85 555.22;
Region514 228.23 554.88 229.85 555.12;
Region515 226.17 554.78 226.61 555.22;
Region516 227.35 554.78 227.79 555.22;
Region517 226.17 554.88 227.79 555.12;
Region518 224.11 554.78 224.55 555.22;
Region519 225.29 554.78 225.73 555.22;
Region520 224.11 554.88 225.73 555.12;
Region521 237.83 560.95 239.45 561.91;
Region522 236.65 560.95 238.27 561.91;
Region523 237.83 554.78 238.27 555.22;
Region524 239.01 554.78 239.45 555.22;
Region525 237.83 554.88 239.45 555.12;
Region526 237.83 554.78 238.27 555.22;
Region527 236.65 554.78 237.09 555.22;
Region528 236.65 554.88 238.27 555.12;
Region529 242.63 560.95 244.25 561.91;
Region530 241.45 560.95 243.07 561.91;
Region531 242.63 554.78 243.07 555.22;
Region532 243.81 554.78 244.25 555.22;
Region533 242.63 554.88 244.25 555.12;
Region534 242.63 554.78 243.07 555.22;
Region535 241.45 554.78 241.89 555.22;
Region536 241.45 554.88 243.07 555.12;
Region537 233.03 560.95 234.65 561.91;
Region538 231.85 560.95 233.47 561.91;
Region539 233.03 554.78 233.47 555.22;
Region540 234.21 554.78 234.65 555.22;
Region541 233.03 554.88 234.65 555.12;
Region542 233.03 554.78 233.47 555.22;
Region543 231.85 554.78 232.29 555.22;
Region544 231.85 554.88 233.47 555.12;
Region545 220.49 560.95 222.11 561.91;
Region546 219.31 560.95 220.93 561.91;
Region547 220.49 554.78 220.93 555.22;
Region548 221.67 554.78 222.11 555.22;
Region549 220.49 554.88 222.11 555.12;
Region550 220.49 554.78 220.93 555.22;
Region551 219.31 554.78 219.75 555.22;
Region552 219.31 554.88 220.93 555.12;
Region553 215.89 560.95 217.51 561.91;
Region554 214.71 560.95 216.33 561.91;
Region555 215.89 554.78 216.33 555.22;
Region556 217.07 554.78 217.51 555.22;
Region557 215.89 554.88 217.51 555.12;
Region558 215.89 554.78 216.33 555.22;
Region559 214.71 554.78 215.15 555.22;
Region560 214.71 554.88 216.33 555.12;
Region561 207.47 560.95 209.09 561.91;
Region562 211.09 560.95 212.71 561.91;
Region563 206.29 560.95 207.91 561.91;
Region564 206.29 554.78 206.73 555.22;
Region565 207.47 554.78 207.91 555.22;
Region566 206.29 554.88 207.91 555.12;
Region567 212.27 554.78 212.71 555.22;
Region568 211.09 554.78 211.53 555.22;
Region569 211.09 554.88 212.71 555.12;
Region570 208.65 554.78 209.09 555.22;
Region571 207.47 554.78 207.91 555.22;
Region572 207.47 554.88 209.09 555.12;
Region573 297.63 501.39 299.61 511.39;
Region574 297.63 513.39 299.61 523.39;
Region575 299.17 513.39 301.15 523.39;
Region576 299.17 501.39 301.15 511.39;
Region577 217.51 501.39 219.49 511.39;
Region578 217.51 513.39 219.49 523.39;
Region579 219.05 513.39 221.03 523.39;
Region580 219.05 501.39 221.03 511.39;
Region581 103.44 618.91 105.72 622.91;
Region582 92.88 618.91 95.16 622.91;
Region583 82.32 618.91 84.60 622.91;
Region584 103.44 611.91 105.72 615.91;
Region585 92.88 611.91 95.16 615.91;
Region586 82.32 611.91 84.60 615.91;
Region587 98.16 618.91 100.44 622.91;
Region588 87.60 618.91 89.88 622.91;
Region589 98.16 611.91 100.44 615.91;
Region590 87.60 611.91 89.88 615.91;
Region591 82.32 590.17 87.60 593.77;
Region592 100.86 631.83 104.14 648.75;
Region593 88.50 631.83 91.78 648.75;
Region594 62.02 631.83 65.30 648.75;
Region595 49.66 631.83 52.94 648.75;
Region596 37.30 631.83 40.58 648.75;
Region597 24.94 631.83 28.22 648.75;
Region598 62.02 612.01 65.30 628.93;
Region599 49.66 612.01 52.94 628.93;
Region600 37.30 612.01 40.58 628.93;
Region601 24.94 612.01 28.22 628.93;
Region602 94.68 631.83 97.96 648.75;
Region603 82.32 631.83 85.60 648.75;
Region604 68.20 631.83 71.48 648.75;
Region605 55.84 631.83 59.12 648.75;
Region606 43.48 631.83 46.76 648.75;
Region607 31.12 631.83 34.40 648.75;
Region608 68.20 612.01 71.48 628.93;
Region609 55.84 612.01 59.12 628.93;
Region610 43.48 612.01 46.76 628.93;
Region611 31.12 612.01 34.40 628.93;
Region612 169.28 628.97 174.56 648.75;
Region613 129.92 628.97 135.20 648.75;
Region614 156.16 628.97 161.44 648.75;
Region615 121.74 628.97 127.02 648.75;
Region616 143.04 628.97 148.32 648.75;
Region617 113.56 628.97 118.84 648.75;
Region618 34.02 593.87 39.30 603.67;
Region619 25.74 593.87 31.02 603.67;
Region620 50.58 593.87 55.86 603.67;
Region621 42.30 593.87 47.58 603.67;
Region622 50.58 581.57 55.86 591.37;
Region623 42.30 581.57 47.58 591.37;
Region624 34.02 581.57 39.30 591.37;
Region625 25.74 581.57 31.02 591.37;
Region626 61.46 601.29 63.74 605.29;
Region627 69.34 604.59 74.62 605.29;
Region628 61.46 583.57 66.74 588.01;
Region629 69.18 583.57 74.46 588.01;
Region630 69.18 590.45 74.46 594.89;
Region631 61.46 590.45 66.74 594.89;
